405
162
564
202
143
215
250
448
88
4
87
300
470
180
152
463
53
320
180
44
387
83
597
396
47
107
186
403
238
57
548
140
364
77
286
48
199
582
99
208
133
448
161
111
506
198
99
511
346
127
443
434
159
130
449
378
308
41
184
458
461
367
550
494
404
586
287
507
43
33
558
335
412
422
90
547
270
578
274
172
124
271
139
559
424
139
453
566
237
144
286
464
191
103
517
527
108
577
403
385
541
464
21
520
349
66
128
578
493
160
167
306
173
53
444
56
593
434
365
342
195
306
470
260
8
508
236
571
406
385
433
279
467
540
545
259
139
575
355
122
434
442
406
76
170
234
69
493
373
531
134
185
296
115
451
8
365
125
44
140
108
548
233
415
22
506
456
326
167
580
489
398
462
129
382
250
77
381
491
61
258
399
110
166
111
317
77
23
173
393
468
239
445
311
391
1
210
165
201
521
