-4999544
-5283941
-4692062
-5386262
-677387
-1334273
-4521568
-4322075
-5974317
-2174974
-95244
-4238737
-5816582
-5923625
-3683321
-4813641
-1152216
-1252156
-1408026
-1529645
-12696
-4116038
-2107743
-5054986
-3715258
-4189860
-3948238
-2150776
-2324500
-2089460
-4816455
-2020085
-3761885
-4069596
-5501426
-1407142
-4395982
-835926
-1162451
-3430520
-5415397
-4393320
-4742951
-2091358
-3593951
-5458041
-5178817
-4233521
-5226483
-2451815
-5464787
-2507444
-1747000
-1729009
-2364885
-1321345
-5155938
-4216858
-2083679
-5017033
-597978
-4366137
-5936383
32311
-1653061
-3277382
-1230969
-5417843
-1416190
-3130258
-3522857
-2771673
-2834500
-3185786
-5127987
-5821917
-1973374
-2581130
-5277114
-3079039
-3750264
-565023
-1987910
-2369112
-2870359
-2222579
-3127049
-3828161
-931124
-885315
-4515264
-3834056
-5213434
-370087
54368
-451308
-5341402
-1990187
-4857893
-4786963
-3017516
-4789257
7580
-2805959
-2938798
-799537
-642363
-785720
-2746893
-5970790
-1151158
-1411823
-791463
-2596898
-2212667
-4723348
-5885552
-4287461
-1436343
-339016
-5926740
-3386224
-426514
-4248332
-2750214
-4288695
-1238756
-4763029
-584808
-2457607
-2780192
-2815664
-3182443
-2403251
-1487112
-4005755
-368358
-4369489
-3720784
-2027009
-2934960
-2736060
-4101689
-950540
-5483990
-813719
-3440518
-2035382
-5848239
-3435505
-4889498
-3911245
-5740956
-1890153
-3211130
-5372564
-591269
-2997413
-1696327
-245714
-2474204
-5775967
-5686030
-4512616
-3496438
-3869026
-3224085
-1097332
-1877287
-5088650
-1013672
-4787906
-2756218
-739255
-2440099
-4293284
-4002817
-5465917
-2555065
-2326954
-3673736
-1102773
-5687018
-3061408
-1220128
-575215
-4571376
-4093020
-5843445
-4254720
-5657550
-3211455
-5989770
-5765927
-860350
-2952101
-4081991
-4917380
-348061
-3096796
-4168491
-2590799
-1041649
-1686768
-3261957
-878843
-2051676
-2919577
-5161177
-3043206
-4367915
-2141732
-3300232
-4453587
-5332373
-2342173
-5372136
-2702508
-1900044
-264807
-1462832
-5620010
-2886209
-5193738
-3915700
-1969805
-2346638
-766682
-3237100
-796827
-1048859
-3718398
-1787179
-1224317
-3983493
-1505104
-4459727
-4296201
-110932
-4452034
-4183535
-2836296
-212619
-853004
-5185288
-2488938
-3495477
-2339454
-5800607
-3506814
-4417243
-2840535
-2355713
-2212608
-2280399
-1397781
-4169110
-3194799
-1711548
-4782879
-2986534
-5666284
-82774
-1299326
-791905
-3282018
-2399145
-2178749
-739881
-5548957
-3489382
-4756934
-1079971
-3209952
-3639718
-5325895
-1301599
-2219111
-2455915
-1450418
-865083
-2358393
-5715403
-4606860
-2585112
-4977792
-1475058
-5033182
-5301355
-5312511
-768129
-3745274
-4380554
-2235361
-1391635
-5608662
-2906156
-2337910
-4388300
-5093035
-3890181
-1639666
-762988
-5409901
-1325465
-3956029
-3234317
-236449
-2137603
-5639561
-2635880
-4148230
-5253479
-2929174
-1742850
-3484900
-345781
-2041405
-850285
-217733
-4394651
-2461718
-3254551
-580187
-5664489
-4524589
-3607818
-2609982
-1946574
-2311311
47822
-4831519
-2623885
-1449910
-5876775
-3911266
-2790449
-2813356
-5455503
-5509167
-1442667
-170071
-3422299
-4855503
-3670433
-2953525
-5245105
-2211692
-4357128
-2159897
-5695164
-645511
-1638308
-522840
-5672998
-4456972
-5480383
-2536142
-472627
-4550750
-53312
-5942153
-3403304
-505604
-2632564
-4363567
-388850
-4769923
-1870390
-3474697
-531072
-2375713
-2902137
-4052421
-556577
-3174535
-2208013
-4264964
-4156784
-643134
-2565678
-1140763
-5708795
-4524280
-4367476
-4899072
-194558
-3823421
-5866747
-5317922
-5575095
-3221818
-133758
-749863
-2754810
-2650729
-567129
-210580
-5355400
-2899256
-1226329
-417508
-3603216
-4075737
-3545879
-891618
-1520092
-636799
-1330201
-859924
-5799290
-2964878
-5352711
-5052566
-5950271
-2952471
-4742198
-771378
-5178668
-5843598
-5979529
-712208
-5202515
-4720159
-144177
-5168250
-2253113
-1185282
-4615188
-3093632
-3411121
-1973614
-2220317
-4335984
-1546011
-1509718
-1672156
-4560761
-3357340
-5601720
-5095829
-3938404
-4093723
-1395928
-4275194
-4178729
-982376
-3941057
-584501
-209027
-5307615
-4801071
-1038130
-3986162
-3387235
-550600
-4174669
-1441839
-124631
-65028
-5907799
-3069145
-4545692
-3042181
-167238
-1816054
-3064232
-1233490
-3903714
-4407739
-333490
-2732655
-5850529
-1348791
-854226
-3599885
-3486993
-4997540
-463139
-2149864
-2360378
-3901295
-789398
-204726
-4829132
-5889176
-2086381
-2664240
-1843678
-756501
-288414
-714692
-1267515
-1830204
-1159338
-5985159
-598949
35330
-2063359
-4792631
-2329666
-5539252
-4863524
-28618
-2523075
-2997146
-4617975
-2457423
-1695183
-822002
-2501454
-2410490
-4276169
-2429887
-656893
-3987393
-2850244
9007
-1367243
-4893703
-4999890
-138762
-2198473
-76243
-410432
-3587912
-4744410
-4033026
-5913036
-3368416
-5692824
46421
-330606
-3652633
-3847890
-1713134
-1081765
-625856
-289268
-3358882
-5526033
-5917769
-4246137
-4373034
-2426326
-440256
-3676927
-2542459
-1205201
-3955418
-135401
-5072548
-5944264
-3139120
-1020228
-2719025
-2738732
-5087295
-5754450
-1556244
-3076734
-2195466
-465521
-1663086
-39892
-2524234
-733125
-3841602
-1079956
-3389386
-4366768
-2786360
-5812588
-4916931
-1901230
-3492157
-5175559
-1602729
-5185882
-1379642
-1695359
-3224408
-2228760
-5191319
-5300709
-3334163
-4894043
-2115203
-4103251
-313016
-883858
-146797
-190418
-5825738
-260985
-928610
-1189211
-3714285
-5476488
-5767788
-3680917
-1135866
-3041125
-2047315
-2336885
-3345935
-5819364
-1890219
-1949864
-3583113
-1381574
-4985440
-299513
-2722077
-3645432
-5376788
-1644210
-5865838
-2481691
-4769544
-1085035
-5311492
-4344122
-2185927
-5025825
-5800085
-5952126
-507702
-1603337
-4079420
-4339516
-5654152
-628832
-3750231
-413886
-2064995
-5316231
-517513
-3330787
-2919434
21402
-1857630
-5381819
-1620513
-4019842
-5337614
-5931885
-1989942
-3642700
-4383885
-304124
-3130231
-3236952
-4330303
-2206027
-2806680
-5379646
-4765776
-5758242
-501420
-2689757
-3899575
-3351203
-3899816
-5909655
-1266611
-4331825
-3967725
-4110213
-4280735
-5673370
-672935
-4741316
-3212886
-2979779
-2827155
-5792453
34717
-4328552
-2646554
-1090478
-1047519
-3299784
-1001129
-4595420
-4706679
-1818499
-4236061
-401791
-803624
-2953787
-5110400
-4980261
-2678683
-1361206
-5411957
-2659170
-111102
-2816908
-2467901
-852930
-591000
-5464198
-5212286
-4915806
-920790
-1246004
-4089682
-4840767
-3125209
-1233056
-3533357
-1489224
-5163188
-1747082
59594
-3241652
-576560
-4902908
-2081492
-2351059
-1039726
-1115728
-1115387
-5612137
-21631
-5685812
-4666187
-5928847
-5697371
-2822945
-4443704
-1508024
-3311677
-5887059
-206800
-3381785
-547335
-4728503
-2085318
-4940490
-1414048
-4799000
-3711014
-2307015
-924076
-5683000
-2326403
-5679913
-4612358
-912688
-3695621
-5661527
-132664
-1275622
-1951211
-4499577
-5958985
-5160506
-3847660
-5656050
-878766
-1884171
-4301076
-2424729
-4573568
-3488922
-1987356
-4555745
-1893633
-820270
-2879358
-4246366
-3875739
-1119838
-820206
-1381482
-2500589
-1743787
-5457269
-1254809
-1366564
-5097335
-3994181
-4626879
-3946680
-4863359
-1378455
-1684561
-65443
-3964995
-3236765
41241
-5352839
-3074643
-3924902
-3863452
-2411743
-190055
-3887936
-3701964
-5275947
-4026267
-5482059
-2021724
-4039998
-4063609
-43078
-3276642
-3785451
-5168725
-873103
-4877793
-3737652
-1235856
-2929400
-637194
-4344994
-4108419
-575207
-5417667
9644
-5658462
-1894670
-3294093
-3598540
-5015227
-4871993
-1725459
-3567548
-4313832
-1055042
-4124247
-1754012
-2743576
-2087077
-1096072
-2731318
-428998
-2026114
-63897
-1041823
-5929681
-2183534
-885319
-4470690
-571700
-1378394
-4474031
-685078
-2607284
-2533437
-5803790
-1867720
-817825
-3596640
-3105526
41575
-1447085
-4199534
-2321883
-3222642
-1284128
-5665414
-3792792
-1215999
-4160898
-1842275
-5835458
-3985469
-4669003
-3304530
-2681321
-3898414
-1976815
-1915152
-671262
-3313705
-1396574
-650641
-4559391
-5071003
-4384129
56438
-5879359
-4155027
-552731
-5937508
-5829105
-3090610
-2416833
-4001654
-1095511
-4940205
-2730819
-3191658
-2096260
-4497035
-614316
-1073312
-12998
-2824718
-3501816
-3665918
-1827727
-1331399
-3075674
-1876859
-2974067
-3122515
-1528245
-3996870
-860330
-3005718
-2813394
-4836530
-5830584
-736868
-3233192
-3435631
-3014988
-111189
-4660955
-668509
-428437
-5979967
-3614972
-4371446
-3443184
-1300313
-4447603
-3581317
-2627235
-2754823
-4297771
-208285
-2606572
-1662239
-1390523
-3043607
-3030870
-3936199
-3815053
-2002660
-620917
-430946
-1551172
-3462398
-306747
-1882140
-4684993
-2887943
-1784447
-5406610
-4641426
-3318787
-706505
-685638
-5315777
-5362087
-4605262
-1795216
-5894378
-605179
-5517166
-2681549
-903467
-2039452
-762135
-2723089
-2892609
-2018354
-5990389
-5579744
-2197599
-2034478
-4038898
-1543712
-1468946
-1551900
-3853124
-2524364
-3164191
-2223073
-1596332
31007
-3435839
-5401771
-4895458
-2618633
-808561
-3472810
-5832082
-5658168
-417440
-1627684
-2608175
-5318362
-1457803
-5488333
-4734322
-1717021
-2048485
-2921093
-4036790
-189298
-5405911
-3695409
-2859595
-2046825
-1505982
-3242640
-2062203
-5994737
-4974336
-4717110
-5400204
-3199986
-5225593
56543
-3697605
-1673602
-1783964
-453443
-5208189
-3196912
-4995373
-5937100
-4777970
-4112459
-4533224
-953520
-3354588
-3677553
-2743616
-510442
-1016897
-5055659
-1694088
-4626075
-2053023
-4697584
-4908328
-4636773
-3666109
-4074294
-2125818
-4896346
-3049705
-636086
-2068655
-4527524
-67080
-4463102
-4810464
-5736527
-1588593
-4578561
-5370680
-4103099
-1932344
-3489064
-5649206
-4157611
-2920719
-4909816
-3883143
-2524734
-673527
-4064202
-926007
-2816202
-1840019
-3936963
-986091
-2964598
-4984106
-3705172
-4247536
-4809344
-4370238
-2804085
-3580600
-2366639
-465078
-1726885
-3939861
-2816621
-4974714
-595258
-4184911
-1008607
-3782932
-3456071
-4992265
-3318640
-1310452
-1494818
-2710386
-2693864
-1271442
-4161945
-584870
-975166
-2112107
-2921536
-4080189
-1959901
-3479462
-5071397
-5177812
-1356764
-4424661
-1506525
-3311579
-2989332
-5593051
-5506282
-5519967
-2981755
-5515554
-5550929
-4475102
-1923772
-765191
-5667677
-4332107
-1585183
-2501145
-3967439
-1537273
-729901
-492145
-214060
-2718998
-501810
-3012561
-1578626
-2273881
-767061
-442872
-5069024
-4816087
-1508104
-128445
-2511357
-593021
-5485970
-4698817
-4996917
-4253748
-530460
-2277139
-4601826
-3128525
-5015349
-2819618
-3305753
-2454071
-4556853
-3072826
-3175731
-1788350
-1031114
-2110791
-1373751
-3027019
-1024028
-3276923
-3805900
-2052335
-1357841
-2112822
-3493373
-3700448
-3072906
-5584308
-1925663
-3770891
-5809578
-4989280
-1164622
-2330954
-2475237
-3611150
-5808713
-505703
-847341
-2810444
-3133060
-3997662
-1718352
-793583
-3080839
-3190285
-2966245
42760
-5987026
-1128952
-4027313
-772680
-1415116
-4426846
-1213287
-5347643
-2833111
-3886899
-5020803
-5633329
-1591632
-339247
-1704128
-1186525
-5955709
-5464365
-4261369
-5887268
-2242619
-3337287
-1907885
-5439366
-4843290
-4575199
-1504588
-2541521
-1180706
-4237616
-132165
-4778989
-4293561
-1085921
-5787728
-1376738
-5402040
-1242350
-1271104
-4662955
-2435873
-1880360
19001
-2918155
-1545489
-3502416
-4734449
-3831112
-2832942
-1880399
-296613
-3851276
-261547
-4998175
-5732257
-5318637
-2140800
-2656008
-5753481
-1429469
-4870724
-2983758
-4013843
-1724823
-2167957
-3644090
-4126501
-702761
-2100261
-3696589
-5726046
-148837
-1746904
-4698336
-4448296
-3240287
-102540
-4583062
-2961854
-4457560
-3890871
-840230
-5572316
-3670039
-2465048
-1059517
-3793944
-3489910
-5820924
-1893193
-3365841
-5563311
-227216
-5743236
-293883
-5219692
-3054874
-2823824
-3559774
-1444522
-2735030
-1590279
-5023813
-2074197
-2841216
-1448890
-428723
-1151883
-2844829
-1031648
-5120933
-3510849
-63774
-947586
-236307
-4086822
-5119137
-2554171
-528273
-3937187
-2402412
41718
-4969453
-2986567
-5900637
-2445472
-2711804
-2140343
-2020916
-3208992
-1418641
-180219
-4798899
-486716
-1073511
-1437156
-24399
-2304831
-4296338
-2344515
-1670680
-1277064
-5768974
-89213
-3934874
-3225933
-4133280
-5498472
-2817463
-1702356
-4679082
-5652539
-1367812
-1509322
-1952382
-896118
-5706614
-1763821
-2892370
-4319704
-5128130
-2501829
-2658882
-4843989
-4532494
-2564015
-4796831
-4528953
-566758
-2125246
-2386418
-2913694
-4463917
-4649177
-590068
-1104041
-4370782
-2885347
-2688252
-375920
-706350
-3270048
-2026260
-5811869
-1970990
-340927
-696637
-1218306
21916
-1929756
-2143502
-5704675
-1466912
-205742
-4742548
-1553212
-5382779
-330512
-3140192
-4591867
-1543985
-2438706
-919249
-258139
-1326829
-5101435
-3451489
-999727
-4914517
-4861326
-4908223
-4578900
-280870
-3184034
-2311385
-2002487
-4753513
-4301090
-48546
-3007181
-2602287
-3133655
-3150441
-4187019
-5493287
-2780945
-2035583
-576067
-5738022
-310074
-4917321
-4372265
-594121
-5319074
-4842651
-3772558
-997437
-5674928
-75232
-4512303
-2254756
-773909
-4897888
-703998
-1604768
-4104192
-3929228
-5686895
-4943667
-1205776
-3676508
-4088209
-3615772
-4240223
-1387567
-2197451
-418306
-1530448
-257364
-506355
-4794694
-629774
-3263796
-3790830
-2998625
-3128164
-2097998
-1447212
-4242963
-458863
-517439
-161055
-1655574
-3397552
-1265591
-2024448
-4260337
-808542
-3687555
-3809517
-2182284
-302793
-5429760
-1612124
-1134913
-3273021
-1524325
-1801606
-4178435
-4074594
-3189258
-4978394
-1209801
-454355
-5212186
-4452881
-2732477
-3880372
-4251176
-170270
-1412532
-5045782
-1678007
-1708915
-4187268
-4813880
-1977046
-5605638
-2759366
-4174373
-836770
-2041428
-2559277
-3110326
-4994697
-3545802
-4285509
-311790
-1135790
-5853003
-4003656
-2768270
-345642
-709775
-1246316
-2513141
-4807296
-2628817
-5944244
-47236
-2968983
-966057
-3227060
-5750830
-2329057
-2716070
-777383
-3976569
-1722912
-4364038
-4357528
-5584414
-855526
-4615756
-1358744
-1262661
-5450671
-4970228
-4189774
-3539420
-4582252
-2460274
-3925651
-1959945
-3509371
-2844081
-5233047
-5125222
-2377264
-5606294
-3724114
-4320450
-5202598
-2237010
-5738066
-5685438
-1574048
-3278343
-823486
-2337522
-1589340
-500528
-1184096
-2382863
-5263636
-5600921
-4224423
-678862
-4704475
-612179
-1289820
-1765977
-5157394
-5134380
-4402731
-2492187
-2941233
-1107476
-5014016
-5595553
-5446702
-1895077
-2754637
-2142215
-5340058
-2530395
-704336
-2709259
-452572
-3094322
-5928304
-2862028
-5059570
-990219
-5189271
-4957174
-4318767
-3667762
-890918
-1341442
-3429776
-3679401
-3890012
-1703635
-3166091
-3550393
-2726770
-2337725
36543
-1381206
-4776691
-4275544
-274074
-5041170
-4869896
-3304878
-2269231
-2838705
-4568390
-206420
-1387656
-4488948
-712320
-3919699
-2900110
47627
-2302786
-745144
-1199341
-3217187
-1090951
-598050
-5346708
-5975143
-2634557
-1973633
-5732540
-4149409
-4209229
-1180733
-1264466
-4756220
-3021549
-2243421
-2528362
-8069
-3581780
-4777255
-3423280
-3228117
-698023
-3514390
-2252609
-3771097
-2095704
-5569239
-5618197
-3249950
-2987231
-2904538
-2738769
-2103913
-4101693
-4313909
-1511115
-2139132
-325296
-5116054
-5713337
-2044765
-2063397
-4949128
-469784
-1827852
-4803010
-3079984
-5230811
-3390010
-2612304
-46518
-3863478
-3517449
-4389998
-4601054
-829286
-3350383
-3108085
-3053330
-4896402
-3186950
-5451373
-4407519
-5687280
-5409239
-2697694
-571069
-2269569
-1105548
-1380904
-1337430
-2398035
-5904627
-4300627
-4604468
-4444356
-2558476
-5255382
-4861776
-5215623
-5968610
-1978240
-5479388
-2252796
-1330523
-3335251
-3245345
-46393
-679744
-3577828
54520
-4817857
-5390842
-1240473
-5822573
-3712399
-4280558
-2964159
-1502122
-3544726
-2163958
-1303988
-3163234
36259
-3048265
-2723739
-5596224
-5188147
-2384017
-484161
-2166203
-5692025
-1501072
-2827753
-3137716
-880992
-861294
-2043484
-3324963
-3493189
-1779536
-2560586
-4418171
-1085851
-3134970
-4923885
-3413413
-4933204
-1136890
-3062779
-625554
-206245
-3647316
-2607645
-4071772
-962670
-3717095
-2292015
-2995885
-2842561
-1829752
-3375619
-844989
-3117674
-1364810
-3284711
-5688122
-4096564
-5030401
-3177107
-2213789
-3659727
-1366027
-4984520
-1700810
-5001498
-4378637
-2350880
-478573
-1918363
-4178137
-4221324
-1888181
-1652484
-3626437
-4789359
-3792357
-4546622
-4043916
-1807435
-3766767
-2845408
-2783282
-5714964
-3344500
-815302
-97197
-3941410
-2565733
-600917
-584808
-3949991
-665182
-4104336
-3054334
-3641204
-1540093
-1357824
-2964753
-2472876
-42590
-2352521
27695
-4165508
-4180386
-55795
-232500
-2966504
-1731072
-3301553
-968956
-5572146
-5920386
-1084062
-2241779
-3014621
-237572
-3742072
-966269
-1659578
-4229265
-440849
-546278
-1042883
-4774684
-4885960
-1423220
-5724602
-4110959
-2745092
-2163248
-933017
24458
-4533741
-3184873
-1851749
-3208964
-5918401
-5452892
-2344670
-2563278
-552098
-3986456
-3837616
-1890544
-4661117
-4172525
-282524
-958551
-1379970
-195067
-1193425
-636607
-2558575
-4031405
-126129
-1535705
-5484525
-4940831
-4900011
-4546601
-3226689
-1245319
-2612239
-4266830
-3869741
-462946
-1967056
-5106912
-40474
-1708047
-704617
-574457
-4195896
-2624527
-1391810
-2343383
-4591601
-4923339
-4516059
-1964379
-1047460
-4274506
-5044096
-62600
-4918072
-1897543
-3624678
-4282097
-4100550
-3336145
-4300317
-3026495
-5062592
-979438
-2065991
-5572988
-3172628
-3999507
-3105064
-3916614
-437356
-1004303
-5162406
-4850998
-5022533
-4276666
-5525432
-3365920
-5876214
-4749207
-1017512
-1740753
-3121989
-2289140
-5282693
-2201657
-5381481
-2499536
-2748374
-5233876
-2641734
-5511786
-2003315
-3064639
-2460776
-1856116
-5336413
-5756067
-1566503
-1614122
-571361
-4294841
-3094584
31584
-865100
-1700081
-1797855
-2268174
-3075167
-4500486
-1629447
-549403
-1069464
-2919816
-1947001
-266949
-1199685
-1060834
-5547063
-5999253
-977969
-5910309
-2886854
-3245034
-1478251
-5902544
-1054031
-5614266
-3163489
-4316360
-2610679
-3652170
-2684906
-4649611
-5281392
-4124880
-1365392
-1845896
-983822
-3525362
-3548795
-508748
-4053643
-565763
-5070194
-3007702
-1104029
-1030991
-2005424
-2622938
-1797166
-142753
-1522691
-5308143
-873609
-3074205
-5136977
-404095
-5899584
-2917300
-954855
-4495861
-5186785
-2915576
-5370411
-4848601
-5987166
-2815912
-5501607
-1844954
-4822526
-5401493
-2379894
-5564482
-4307572
-1520401
-4197653
-4140038
-291414
-3790420
-2147142
-1925937
-2787685
-4572043
-3788655
-477754
-3310077
-4175086
-3559987
-2830276
-143380
-4954018
53045
-3675690
-5218033
-2897536
-363647
-2999546
-5506314
-4875631
-3153916
-5208006
-3618210
-5103144
-4249741
-2972801
-1593918
-1452997
-4087796
-2432034
-4573990
-5171094
-1844103
-817102
-5491828
-471742
-77774
-2754296
-4692340
-5864752
59462
-3975676
-5944891
-1709622
-5409463
-1852465
-2230792
-2217803
-1471210
-3913678
-3839021
-238687
-3972546
-2228264
-5964561
-5224638
463
-733813
-2110442
-5481376
-2831733
-5688737
-3894202
-5597082
-5822096
-2929678
-1266224
-3226269
-4146065
-5363824
-397680
-1768468
-3549185
-5524975
-3289126
-1760812
-4497647
-2790776
-4078608
-5135631
-332509
-5705068
-531867
-1801705
-3699674
-4263852
-4239662
-2802214
-5666749
-2409734
-3736239
-904794
-1552409
-3976521
-1543901
-2030939
-1123845
-415494
-5171205
-906926
-5575183
-1808427
-2385776
-5401545
-5627577
-3666793
-2576548
-4558879
-576977
-4685066
-4519122
-1328423
-3428106
-4601394
-921144
-1050649
27726
-2201366
-2636584
-1245768
-989524
-5359449
-2750713
-4834582
-3796460
-2863314
-383865
-4820301
-2360575
-3539373
-5956672
-4327633
-4846293
-126950
-689494
-2871922
-5369130
-439387
-3934989
-27643
-1245253
-5563867
-5680139
-465903
-628353
-4624556
-2326725
-459303
-1933267
-4738057
-2095583
-3234312
-2509949
-1475191
-225136
23941
-5489237
-2709605
-8348
-4652193
-2173849
-1288854
-4477386
-3476859
-1520175
-4535199
-4024541
-647406
-1691057
-5063226
-3218989
-2948629
-3776307
-3306784
-5041826
-2888583
-4728740
-5780750
-5584456
-1835623
-5760294
-3124493
-1878792
-1821978
-5557528
-4815253
-5003111
-2396214
-478063
-2616638
-4555005
-3834856
-1097400
-3338078
-4779383
-1636057
-5368363
-4912721
-2617202
-4505209
-4837885
-2686207
-2444807
-1611233
-1617745
-3831279
-2588901
-4745308
-5677414
-5366835
-2930797
-1281744
-4649506
-3664450
-3313040
-1767291
-3430793
-2915494
-3795373
-4857719
-1227911
-2042197
-949024
-1617680
-3098812
-3382028
-5584828
-3744488
-2531979
-5007412
-2349707
-5097089
-4055366
-2952951
-4312328
-5470162
-4602420
-796216
-5660717
-1668020
-3869018
-3032393
-662050
-4164326
-5425481
-4789807
-1951767
-3856701
-4557955
-747797
-2741318
-2346340
-1586545
-3218804
-286267
-96861
-858202
-5499380
-2720172
-3160726
-593395
8058
-10024
-2668940
-1091436
-5046697
-877686
-795493
-3469480
-537294
-4690661
-1527721
-1933532
-2908481
-36645
-4491996
-5445431
-1912372
-1312048
-5188076
-5453223
-5805657
-2890816
-2218810
-4900634
-659458
-1698596
-3587784
-4697981
-2099026
-4207806
-3581284
-4850801
-4338635
-2731065
-941259
-546486
-4167183
-2936512
-646531
-5805573
-1776859
-1640819
-2737354
-3641739
-1558739
-550910
-795753
-3793020
-5407960
-4360668
-996340
-2347669
-4473929
-1687736
-2354525
-1346780
-1507591
-1238206
45403
-1556295
-3327323
-3236852
-1492219
-5976017
-3563203
-1695023
-3188289
-3952846
-1613437
-2154078
-1404236
46948
-613467
-5417293
-3702644
-5012113
-3859352
-3827753
-615609
-1262443
-1522265
-2925433
-3195660
-4235135
-4531133
-2872487
-907398
-2458897
-667187
-3316788
-3399629
-5322705
-4777158
-1590675
-2579473
-2674116
-675532
-5484866
-3979379
-5021181
-3856374
-1900798
-4991338
-4899088
-1396548
-260510
-2714854
-987860
-1615250
-2874701
-3778041
-1029439
-4594857
-2765804
-5412606
-5436891
-2721713
-3545400
-21392
-5793247
-2270175
-5699263
-5321265
-5645383
-2733863
-5148290
-332291
-1118424
-3884690
-2509090
-2886131
-3360776
-2019850
-112763
-4681362
-3045224
-3658465
-88326
-2073810
-1268086
-1418140
-4830407
-3661689
-3081872
-3458226
8006
-5304353
-2358809
-2927319
-4452314
-1488398
-2880901
-2208060
-1923451
-3403726
-5394467
-5899947
-5940875
-1138882
-5065815
-4717874
-795947
-835699
-2129491
-4275755
-2523220
-2447183
-1514834
-1444843
-951802
-3884570
-5223331
-4661546
-1858338
-2267597
-3649991
-5727770
-5671583
-4982819
-5911053
-505331
-2172559
-3362157
-3174429
-1905980
-2455262
-2467667
-1923063
-5666848
-1092042
-3014056
-2786723
-4151187
-3593959
-1345914
-2592226
-121303
-2412355
-3734041
-4678992
-1079666
-5687010
-3020476
-4747470
-3031273
-5339426
-3647372
-4084628
-835529
-4960267
-3446514
-606568
-3521123
-1287322
-4488787
-3492859
-1554283
-5670561
-3048103
-5139352
-4336270
-4649860
-1367945
-5622705
-1667428
-2918904
-2543369
-3707607
-5561354
-4670413
-1914378
-2315298
-3620841
-3023799
-4505061
-4104794
-2047490
-4444332
-2513000
-3346581
-3731092
-1321995
-39513
-972579
-3675813
-1708636
-5658863
-3590679
-75777
-425850
-2073351
-1290351
-1370943
-101522
-1959964
-3671901
-4649951
-4610836
-5404884
-4691318
-592827
-1065473
-4359700
-1043013
-3335709
-930681
-4703234
-3014134
-2372525
-4275827
-1513849
-4935252
-5034735
-2959867
-1429573
-3270257
-2982439
51203
-3755915
-2048561
-5160295
-5196223
-2552366
-4211897
-5360623
-1535199
-2394930
-5489973
-1848430
-2633298
-5666606
-3041555
-4726254
-4250259
-2338195
-3749033
-735129
-977260
-5761024
-3347656
-3852
-5372031
-2768759
-2935744
-1733634
-4116520
-2484614
-1043513
-2848295
-5188698
-5471248
-2512489
-4534171
-778906
-4976596
-5595237
-5112903
-1934832
-1486926
-1061465
-3967278
-4503147
-3786239
-4277351
-1611176
-4843373
-436748
-1972932
-3112079
-4410874
-2557310
-3578829
-600774
-3511085
-3507065
-4470004
-4014767
-689475
-2438201
-2597647
-650036
-3812471
-2449651
-1685317
-302504
-955453
-3504427
-3466470
-2253733
-231197
-3209117
-4549442
-1468482
-3894891
-3069959
-4715383
-3168301
-1626111
-1803793
-3979797
-2633797
-3350891
-4544117
-3316010
-2335345
-220114
-2544889
-5248107
-3434012
-5163377
-2682533
-5532902
-131669
-4241412
-3615772
-5424994
-2414957
-3822335
-1797213
-1886385
-2907144
-2459129
-3507331
-1371987
-4778861
-3749584
-3953366
-5137775
-915392
-1827673
-5632903
-2672895
-4701730
-3742434
-1216518
-598360
-3258426
-5536679
-617602
-1602071
-1450132
-3555091
-287470
-5671185
-2964040
-2412579
-3386049
-1355213
-3474340
-3951397
-2547040
-2444911
-5881435
-435154
-858086
-3810394
-4785816
-4697117
-3492945
-2892941
-2919273
-104078
-1477633
-3923466
-3608169
-5931991
-995612
-696543
-2423335
-629745
-1140928
-2103521
-3004273
-5817509
-1585670
-3521551
-4524056
-1369628
-3785141
-5532045
-3607474
-3660884
-861938
-842121
-5606848
-1867201
-2844359
-1708312
-2112748
-513721
-1919393
-5924603
-3962660
-5249061
-4314146
-1836107
-620842
-816509
-950527
-3112748
-5835690
-3803597
-1599870
-4463304
-935563
-3747782
-3624064
-220191
-2573434
-2903957
-2556035
-2133595
-5933867
-1593889
-2900342
-1381588
-2039566
-2059568
-4779005
-3713870
-661317
-5452269
-2862211
-5647112
-3826456
-5666702
-1373913
-4945070
-2809683
-3372540
-2183612
-5156486
-483069
-5467198
-1081886
-4096304
-5021104
-2568732
-4319835
-219887
-924290
-3308489
-5927697
-712442
-5230253
-4856543
-2007594
-4675641
-5210413
-1157841
-2500007
-4857158
-2749428
-138031
-2524753
-357741
-2005977
-205637
-234343
-4299863
-1773620
-3556876
-328771
-5511292
-2264671
-2766173
-4513961
-1134916
-4181842
-2957536
-3301907
-1885589
-2308937
-647126
-979438
-4428486
-3187492
-4033142
-2419218
-224367
-2036621
-1918239
-4535808
-783703
-1472466
-1849638
-300977
-499327
-5640588
-858862
-323500
-3270472
-1126790
-2662630
-1918991
-5617280
55172
-5019776
-5543457
-5235636
-5995916
-66639
-5801800
-2793315
-3264769
-2248375
-1398546
-1920086
-1104542
-3699348
-3407238
-1355744
-495974
-59856
-3186421
-2264262
56541
-500236
-2518811
-286888
-3212084
-1746990
-5064347
-3407098
-3747311
-2772639
-2105256
-1438988
-4878535
-3945717
-4622847
-5251993
-72171
-589914
-4806097
-675460
-982420
-5948490
-1950946
43584
-4069315
-51581
-2250241
-5903479
-2192533
-4249215
-2137145
-38620
-5146164
10459
-90729
-2941786
-1945499
-5320300
-1451087
-694436
-704838
-2219305
-3728665
-3508737
-5772624
-5152110
-4758361
-5647
-344755
-2444020
-205388
-2799723
-4821735
-111330
-2052134
-3273003
-3307536
-545915
-5962612
-2084349
-3018646
-4441660
-392223
-5676046
-4264019
-1266673
-4977879
-5255966
-3017886
-2538404
-1893155
-3638684
-3553939
-2416090
-3248826
-85442
-1594473
-978059
-4985909
9287
-3999487
-5761604
-3515816
-4746202
-429305
-1338548
-4535681
-4628317
-3746526
-2254390
-3226089
-2432688
-4433744
-3870318
-4463896
-4900701
-4898834
-1779084
-204677
-3822737
-1890406
-807940
-719178
-4775749
-1667913
-96773
-2658686
-3864965
-2121008
-683554
-4686819
-4784301
-2674374
-5211463
-762169
-5464402
-123672
-3975642
-1793022
-1822210
-4902671
-2930796
-2344659
-5645029
-4951755
-692078
-5954266
-295587
-4349863
-2620354
-1830214
-5435155
-2534502
-3255943
-296957
-3341769
-5378299
-3040581
-1766991
-5132527
7563
59710
-3843391
-4512935
-1756842
-3592066
-3019168
-4693928
-945330
-4191531
-4447641
-5404587
-4420773
-4732153
-2865794
-1064880
-5337484
-2303638
-5236628
-1570596
-1263955
-839933
-1905643
-3562624
-1713
-1796913
-4353983
-671478
-1260195
-5622122
-3329482
-390396
-359684
-4241598
-3162951
-1021071
-4410265
-3101862
-5056473
-4975595
-2109666
-1226204
-3083721
-611240
-3242920
-5560910
-1597631
-2192532
-5668885
-4834613
-3921343
-3449332
-5380730
-1520586
-5504704
-1445085
-2482175
-2303103
-5680743
-4152024
-64755
-1123130
-3463373
-100890
-5251550
-4177280
-5828778
-5380934
-2335241
-5355171
-3821902
-5489018
-5315139
-3565759
-2404596
-4396606
-3096332
-4925003
-5159209
-2763167
-5481887
-4469124
-600742
-1201297
-1545924
-830436
-4530985
-2204006
-1035627
-883681
-5495610
-2510073
-314817
-3505520
-4706693
-5198769
-1527046
-5396217
-300139
-2437274
-1775111
-3610920
-4616424
-5307357
-5193253
-971911
-2324880
-5571323
-977874
-466288
-2401424
-2790220
-2813314
-53319
-3164024
-1603631
-1579165
-176539
-429876
-1823590
-5876028
23094
-3037934
-1464350
-1368656
-1977266
-562449
-3365943
-3575511
-1746250
-1111921
-5701268
-691271
-610029
-366068
-3085671
-5789509
-3014822
-3327846
-4160825
-3622095
-5489890
-171519
-705678
-4105175
-2305443
-1192765
-2463416
-4759064
-1421156
-2017177
-3771478
-5683748
-5339264
-5945262
-2209761
-3187361
-400878
-948790
-4329150
-1828528
-1273271
-2577415
-4428471
-453149
-2498848
-1458108
-1569722
-4067360
-952863
-276323
-5844991
-387054
-3657992
-5497209
-5765899
-4257940
-1430939
-2883341
-3302661
-5372633
-531244
-4034521
-1615766
-183087
-1542280
-4772286
-1253494
-3227019
-3222888
-81153
-4280656
-881820
-3865950
-3447568
-630601
-811001
-2220814
-775621
-2063335
-957707
-1928806
-1204984
-781266
-1195538
-810162
-2140299
-3142652
-1737397
-4719539
-5892760
-5086227
-1454872
-2922516
-145690
-1557481
-1912653
-1740803
-4096379
-3443918
-4705293
-5635350
-10504
-1248835
-5801872
-4833927
-1325590
-2906964
-5218689
-4076742
-5200397
-3009469
-1296695
-2139137
-844739
-3582531
-1966555
-5750927
-1606937
-3665167
-4409153
-3833197
-2237135
-2895465
-4598503
-4269469
-3804492
-3756314
-4244402
-3972500
-5679139
-941124
-5758201
-3679808
-2032666
-4983329
-1525436
-75128
-880912
-3823428
-1479501
-240901
-1044266
-3086640
-2564129
-186413
-2771236
-4996325
-905433
-5384700
-2642310
-299804
-998713
-3156504
-3289575
-4139591
-1488819
-2293428
-4950815
-5287461
-1131588
-3301736
-2966800
-5744050
-4210193
-3719059
-2410561
-5060273
-855727
-2635039
-4072096
-2291170
-2546252
-2340681
-3490840
-5898000
-1076917
-2677482
-2615319
-2225003
-4247368
-4272236
-3751862
-2936184
-5944178
-3393073
-3886056
-3125087
-418392
-3635067
-5879904
-660215
-2219204
-980643
-2903008
-2754984
-5737097
-4085063
-2868267
47863
28233
-1428412
-3088222
-2239983
-3341124
-3410486
-5380871
-395426
-3043796
-2936116
-3340389
-1096966
-4222443
-5999975
-1836064
-5737557
-4213090
-1996291
-205970
-1647263
-4493935
-267533
-5909513
-1865197
-4767383
-2360127
-2553993
-2461899
-4911908
-3579229
-1039254
-3010559
-2953066
-1721880
-4180576
-226378
-3891330
-2853736
-2231128
-2764750
-1087659
-1137036
-5456418
-901612
-362074
-3856784
-5598310
-2862601
-4007406
-2676389
-840902
-2951657
-3862749
-3918917
-902872
-2309345
-3561537
-527679
-3918182
-2546079
-3445551
-1421029
-1853674
-4963941
-5802322
-2520951
-2367515
-1257490
-932508
-566920
-1186156
-178274
-5467482
-566402
-2182814
-2162966
-1980487
-1668746
-701998
-3581281
-2176229
-5037093
-5073979
-2894175
-1973744
-1307099
-1055541
-4151062
-3662433
-4093356
-450701
-5701671
-3030569
-305125
-630785
-4914747
-4241639
-4136417
-2494391
-3035660
-5836292
-1354340
-4807424
-214969
-1043350
-3383346
-187368
-2897462
-4741789
-2784284
-596079
-676199
-4147979
-4774737
-3603476
-5877209
-167062
-4769287
-912412
-5295774
-3406052
-883510
-210750
-1282881
-2900880
-3634609
-4010127
-771851
-368604
-4800930
41069
-4075357
-179609
-5292867
-3473525
-5974244
-540327
-1727658
-4011769
-5832909
-5694881
-5955426
-1870914
-4137261
-2845282
-5450166
-2358880
-3805207
-2121659
-4348082
-5185073
-2209699
-2587836
-5267847
-1946633
-4541983
-5779920
-4789969
-2890658
-100628
-2874977
-3417234
-3892675
-3829720
-1509283
-63074
-4664946
-90719
-4190347
-3392675
-5104134
-3181011
-4759150
-3041190
-997856
-5125060
-3018531
-2489729
-5608799
-2437043
-5577648
-1518999
-2578800
-4555478
-1735202
-5776155
-5948168
-2418427
-1799297
-4254254
-5370042
-1937689
-3628982
-1959135
-4722940
-4542260
-1232916
-1098688
-4112799
-5893381
-970584
-1368842
-4041206
-2825662
-3714213
-2285607
-4194294
-110933
-2822871
-5469847
-2048351
-1297937
-302751
-2616274
-4341436
-1380513
-3372299
-1268959
-5117809
-4178345
-5188889
-5480992
-929404
-3561764
-1629501
-851367
-4973136
-2843358
-5765533
-1275817
11607
-2429720
-5409604
-4423937
-5226752
-247982
-5187386
-3677060
-5887046
-3509520
-258447
-1439156
-516883
-3340754
-166201
-4655118
-3660849
-3963530
-421379
-4398868
-599812
-346956
-3845099
-1523053
-297309
-1507618
-2097822
26451
-3358940
-1584538
-3604010
-1760014
-2419310
-956608
-3364328
-3784262
-165473
-735409
-2578525
-454667
-3918732
-4686735
-3108553
-5075521
-5490703
-4570707
-637265
-1783588
-9577
-442183
-2424940
-4147078
-3443341
-3193745
-1373704
-5856714
-3274720
-4632746
-2345295
-3446075
-4174631
-5741548
-33758
-3803257
-4130523
-4277953
-1778818
-2170362
-5225574
-1173023
-4934674
-370861
-4522623
-4089994
-226577
-790174
-2368957
-3576470
-1426606
-1088290
-3561655
-4513922
-5577208
-3772112
-31491
-5881690
-3215536
-2239583
-4263965
-622581
-1898081
-4091978
-2168555
-409061
-2381123
-1024316
-2715667
-74255
-139705
-3598442
-1541910
-4640887
-1759290
-4712463
-2257854
-4388065
-267802
-4180658
-440577
-1659149
-4139495
-5023102
-1204845
-5158543
-4490011
-1163059
-2972022
-5292780
-2235325
-3753035
-5953333
-4907818
-1510107
-5149220
-1708662
-1243242
-2059511
-478766
-243368
-5990655
-2877950
-3951535
-3903652
-1473784
-2703238
-420792
-3138933
-3663718
-3589123
-1855126
-894975
-3955477
-1902720
-3064183
-2893325
-1971953
-5436368
-4273840
-2973659
-3733421
-4318371
-27214
-4884735
-782791
-1152809
-5366825
-4107435
-5880718
-1767903
-4932247
-960678
-1001650
55997
-317208
-4296456
-5546702
-1584277
-5638049
-1826631
-4192058
-4466037
-4456420
-5623655
-5336782
-5403685
-1598312
-2652717
-2231701
-5303812
-4452646
-1664201
-3342315
-599920
-3391958
-1783067
-63377
-3108926
-3910395
-4973822
-1168381
-4455655
-1145575
-3848238
-2144932
-1398090
-2841299
-1459608
-1818915
-5119253
-5497033
-640284
-502100
-2179521
-3231969
-4607096
-1315197
-3436022
-1376244
-5950506
-5841941
-5728181
-5221457
-3311831
-5309169
20699
-2762144
-4775937
-1601072
-4295392
-1804731
-4897324
-458978
-3780557
-3181752
-2736948
-3065754
-790798
-1656449
-4885687
-4529858
-463832
-1184720
-3788399
-4068542
-5143453
-1936189
-499055
-5456766
-5777392
-2577457
-1643006
-209681
-5633194
-1434047
-2919750
-303176
-3591366
-154919
-4871595
-695567
-960572
-4460578
-5195562
-1153629
-3029086
-3602779
-2114142
-3706598
-4292936
-4150134
-5708669
-4285527
-2663520
-3281822
-3884002
-5326304
-2086310
-1132726
-3375417
-1772291
-1108314
-4479819
-5550300
-1264825
12228
-1919782
-3959688
-4697560
-905323
-2663646
-4625750
-4051535
-1629097
-2842623
-757657
-3103665
-3872121
-1681128
-2539525
-4503876
-3864801
-2457809
-3134053
-5973211
-1334093
-3133801
-4257635
-299357
-3579771
-2283253
-5858051
-5875031
-3401378
-2660567
-1888
-1632790
-4803181
-4985108
-3412773
-3695049
-946750
-3882938
-2539552
-647404
-5367466
-1517793
-1738873
-543521
-4707939
-4791737
-4192221
-645888
-248821
-5461636
-4018719
-1833461
-2747444
-395001
-2821072
-4368864
-5330349
-730751
-5477612
-2980498
-3430952
-1865422
-2532786
-2972399
-2618565
-2292603
-158939
-1206833
-585432
-1651135
-3265426
-2531283
-4738987
-506146
-2362412
-5684917
-2548911
-2188145
-3679770
-1422177
-943801
-3807762
-197245
-940054
-1737514
-2249435
-1440067
-1957684
-2270047
-211826
-1481877
-1858703
-3242858
-2855732
-5793145
-264405
-3666945
-521622
-2000636
-649675
-4912039
-4060927
-3129282
-929004
-5650556
-3490573
-4922334
-5631574
-4213567
-1712292
-3566535
-17903
-595445
-133286
-3075114
-4850151
-1223225
-3788937
-4952906
-3564506
-2521585
-1093376
-4638126
-4843630
-2133196
-2756292
-5066943
-1081443
-1187690
-5326023
-4215739
-2648974
-5338457
-4028250
-613807
-5187115
-2617022
-1713909
-1019047
-978282
-22538
-1478588
-2389810
-103893
-3401438
-4815669
-1548165
33095
-3292087
-2194305
-2301241
-2101231
-1793489
-5847799
-3519666
-1922760
-4860242
-706035
-1936305
-2606796
-4624723
-1983789
-4366923
-3220060
-31029
-4100821
-5703440
-3254957
-1575984
-5517391
-1824365
-3009553
-5038486
-5985607
-5498194
-3823475
-1132164
-3339258
-2450069
-2233634
-1502968
-2715261
-4203008
-3347781
30794
-4594676
-1271457
-4624542
-1638987
-992369
-3496940
-1171397
-5491050
-2283687
-5453677
-729653
-4069397
-5604585
-4890887
-1837577
-1646276
-2585344
-4010809
-2650279
-5908094
-5463426
-3631001
-770237
-461519
-5280306
-5955340
-219641
-5139542
-1446182
-3037424
-5183032
-5629199
-1424159
-1854573
-2165155
-3951904
-1743761
-270397
-711075
-4438936
-4449930
-4108700
-5827197
-1520724
-3669126
-1759621
-4362159
-3473931
-1273359
-2956892
-2404456
-5046867
-3823207
-3001808
-1439175
-3767394
-1882977
-1459326
-896056
-2116474
-4719695
-124126
-716806
-644185
-5175515
-876046
-1773396
-1338496
-5909237
-3908819
-1541145
-3191034
-2089004
-4537486
-4026196
-3317487
-1560901
-3495090
-1134503
-3704763
44699
-4616496
-5338977
-1036627
-505855
-3288394
-5300569
-5683261
-2904601
-478171
-1967441
-1691794
-4378318
-3927421
-11905
-4479237
-1930256
-1316780
-520475
-5287332
-4565962
-2151651
-5446828
-4713315
-1003019
-4669494
-1434885
-2226936
-453174
-1350931
-5024780
-4443260
-5536032
-3930707
-2757008
-5590926
-2795001
-2052719
-290271
-1096785
-4229626
-1117204
-2059701
-3934401
-1180687
-3588945
-863597
-4556440
-5542586
-2880110
-3710781
-6803
-1801973
-1386872
-4131377
-1899873
-3802005
-4810138
-5459182
-3944214
-4563391
-2934146
-355707
-1889696
-3160492
-4193728
-3217477
-2777426
-1758223
-3884517
-1654660
-3443331
-5240379
-48610
-2350784
-1347735
-2187174
-3105795
-5106873
-306453
-1356557
-3108110
-5715457
-377739
-2767312
-2065298
-5630018
-998263
-3092468
-3839139
-4377898
-2754689
-2441632
-2344037
-2368518
-1256563
-749834
-5119420
-3765653
-5650757
-5058645
-3905213
-1924582
-617685
-2953339
-4205851
-4974308
-4657087
-4399593
-1570779
-712702
-2255598
-2658254
-76686
-1276631
-3841997
-1859804
-1266208
-2612412
-5749691
-1286563
-4017689
-4662712
-1101415
-1147778
-830104
-2085625
-3052477
-1245567
-4979865
-2484665
-2550550
-505555
-516977
-5676787
-2958459
-5730161
-4141770
-5628401
-2323448
-4392045
-4512031
-1696959
-3438538
-2693400
-3960593
-5661841
-3059426
-2759793
-2216718
-700919
-5421490
-5541110
-5667490
-2279046
-1091554
26920
-2980800
-4740419
-2545058
-81313
-3231100
-2080018
-861645
-858203
-1661072
-2286539
-148452
-4196281
-135376
-3692082
-5135061
-5981071
-5729163
-380257
-2979848
-2419421
-3610873
-3824670
-1565095
-398378
-1051370
-972733
-1263749
-1577197
-4012984
-5506296
-3245085
-1940951
-1706626
-5851220
-774530
29464
-5682760
-4206384
-2624391
-4363986
-5739632
-716220
-400171
-2070517
-309286
-4958082
-5378203
-1822534
-3670047
-4381551
-1642515
-1856216
-4033391
-1524595
-2301736
-4313948
-87756
-3430377
-4964056
-4941000
-470952
-238227
-366659
-597069
-1779154
-2725460
-4467424
-4737618
-2371728
-5533338
-3767151
-5338835
-2075323
-2279195
-1529508
-1527286
-2830695
-5711765
-3469125
-1558812
-2545342
-5480504
-1803655
-1233386
-651797
-3343014
-1184332
-5430875
-5523868
-1857483
-3785936
-3798237
-5806056
-4827341
-5055986
-2448872
-2329530
-3769275
10581
-4069564
-405982
-2166749
-4751686
-1861200
-2341600
-5755508
-2374347
-271527
-276315
-5450043
-231471
-3829071
-4746556
-1755281
-5576929
-313521
-3438781
-1713658
-5053761
-2370128
-2089738
-1662322
-353631
-5113310
-1662897
-3575467
-4721743
-2234762
-3938903
-4558240
-4754215
-2197379
-4355309
-4379275
-2310326
-930714
-5697326
-4342564
-4260772
-4524172
-937717
-4054673
-932287
-5296617
-542537
-1614666
-397325
-2866672
-8486
-571542
-5623536
-5490300
-2440622
-3075846
-4366650
-3115531
-3330477
-3235159
-1639088
-3660076
-1451269
-2140466
-752227
-5944750
-5315560
-4708901
-2157264
-5804737
-207359
-1410656
-293277
-2340877
-2252013
-1258078
-2256640
-3726247
-3252089
-649595
-1958105
-239776
-5984697
-5240854
-1801690
-1342063
-2957227
-3070522
-1738560
-1967852
-3977357
-5798990
-2813059
-834388
-1037483
-3821656
-1086599
-2813605
-5691330
-415859
-5480637
-3101092
-1754280
-4464848
-276619
-2892484
-312130
-5223006
-5934149
-1841540
-587013
-3586179
-5951124
-2384057
-5358054
-2808222
-637039
-1305371
-4481582
-5720895
-4759339
-5789138
-3874223
-3494739
-917329
-4885426
-5460869
-4888980
-5521585
-2740690
-1274537
-3168532
-4382771
-2401361
-3718278
-5385968
-4213109
-5892540
-5112988
-4958812
-3086794
-3763208
-867518
-4782369
-3790956
-5091386
-1873313
-2761972
-1992222
-4273354
-2565700
-5716503
-5720183
-5555725
-4004880
-4575762
-2634999
-1988955
-5654333
-3083740
-779225
-5636122
-5700854
-5039359
-2575341
-5859792
-3634456
-4391058
-2847527
-1131588
-1605228
-846733
-1256585
-4429299
-3527516
-5164913
-3225052
-2535355
-558987
-2359834
-3859823
-1071392
-3182369
-3100986
-1394974
-11267
-4583412
-3142791
-1112107
-1483310
-41693
-2570826
-286729
-2769939
-2693463
-5104196
-1622667
-3824296
-3632827
-2848532
-1016010
-2362098
-4862822
-348489
-1627524
-4573568
-961962
-4837896
-3081052
-2535139
-1699953
-212537
-5042352
-3644961
-2810549
-5467471
-4147589
-556104
-2101690
-3205244
-2022313
-5838762
-3866666
-3478877
-2004610
-1176449
-1195961
-1015168
-1673382
-5074676
39559
-5231283
-4271337
-4545594
-4181021
-1356194
-3881645
-1587491
-5324895
-5349057
-496753
-2308341
-42889
-1420073
-416032
-4385160
-1434674
-5273927
-2986056
-1848027
-3294270
-2396495
-5132008
-5034435
-2344045
-2177865
-1141448
-5171061
-3575034
-5326119
-570119
-5903850
-2789590
-2793580
-3105968
-5320607
-1288672
-2411169
-5311047
-56986
-3202202
-1217954
-2350236
-5424970
-4054888
-2244237
-454360
-2292116
-1883139
-136502
-1763844
-2073943
-5067419
-5943848
-1589049
-1664899
-4585634
-2099790
-1477656
-4926842
-4783408
-4245763
-229364
-2581150
-4024080
-912469
-1928720
-5308537
-340385
-344088
-4192333
-2445197
-420075
-3083432
-4386282
-1260774
-3522966
-1754425
-962598
-2794970
-360999
-293284
-577427
-909164
-2048383
-5066553
-2046064
-1891984
-4427685
-4014983
-1145917
-5139074
-274618
-1708824
-2665736
-5693546
-973032
-1481295
-4856105
-719490
-5443137
-2783505
-870818
-930008
-122557
-2866210
-2289040
-748133
-3798230
-4814214
-3437720
50751
-5953126
-5628956
-1367490
-2790011
-3089502
-1860546
-1151185
-910000
-5322141
-60777
-4935488
-5588223
-4655562
-4815229
-5951816
-4202697
-5507554
-2771931
-973493
-1296238
-4977345
-4660232
-4578347
-3726967
-3149746
-3387470
-929041
-1175786
-3078939
-5486722
-785312
-5546589
-5764667
-4350372
-5318717
-4025171
-1797031
-658762
-2863104
-2222596
-5868757
-3753991
-5511966
-1886970
-508675
-3869201
-19994
-2801890
-1705838
-323494
-962709
-4147716
-2520579
-4767776
6375
-4129238
-1461091
-5888703
-5056011
-388490
-2304190
-1911986
-1802975
-5501755
-2103442
-5894044
-1763753
-1394204
-5685039
-3648755
-4537123
-3540726
-2551765
-4757389
-4042375
-4912618
-5886546
-5616519
-5096954
-191018
-5623965
-3340090
-4681156
-2514457
-2110261
-3707120
-3241907
-2006253
-3107359
-3173158
-3469313
-5835567
-82534
-1771217
-4159176
-5695068
-4391182
-1711196
-4196681
-2635481
-5805964
-2552958
-4575348
-1370080
-4307051
-5806580
-883355
-4736489
-2575501
-1767414
40838
-4660934
-84908
-5845765
-1509981
-3466512
-432254
-4844444
-3292894
-1951076
-5510307
-1625453
-4288412
-736809
-2585540
-5165973
-2844826
-92977
-270368
-2234798
-1783455
-4628443
-826794
-808482
-5718540
-2973289
-4691123
-4894619
-210784
-1302163
-4560020
-5197182
-3013266
-2471168
-4561475
-5842461
-4519015
-2691843
-3589949
-2787888
-2220495
-5077211
-1226788
-1653326
-4299031
-2354421
-4547739
-2425689
-5150926
-2308656
-1654446
-1202101
-150538
-176123
-970893
-2483970
-4037598
-2844661
-2037947
-209284
53451
-3473494
-3872116
-2943672
-3767141
-33045
-275734
-2099642
-4791332
-1894163
-1523854
-3597564
-3828144
-1477478
-2516787
-632029
-4072829
-4952338
-301718
-44873
-1294330
-3272468
-2856713
-3463241
-1420495
-4943424
-1696517
-2498821
-4025561
-5152414
-5301304
-1230213
-909824
-2215024
-3447321
-3987095
-1239602
-2833586
-3246536
-291382
-1843463
-5728889
-3825984
-5921579
-3465846
-4277647
-1903991
-2045797
-4713917
-1547013
-220979
-3723130
-4607731
-2343502
-4923881
-3841899
-2247899
-1495245
-2116604
-956145
-4642189
-2153019
-302325
-690716
-2713469
-3009212
-202667
-37282
-588031
-2596771
-4405569
-3946553
-5803305
-4643213
-4441474
-5957375
-4609242
-126126
-5749980
-2900030
-4226780
-451979
-5853023
-5867021
-3247180
-1415450
-2898973
-1661604
-4875586
-2503098
-2764675
-5959480
-4333821
-4654623
-5012363
-1776342
-319936
-3991956
-4538617
-5351460
-3297335
-3012253
-2248697
-925532
-2929179
-5111711
-2368199
-4246585
-1194526
-341629
-1080459
-3889692
-3770972
-3286132
-4548981
-2921424
-2806144
-5964443
-3084166
-2395230
-1421313
-1097275
-2191068
-1568275
-5406927
-4719286
-3001070
-1961098
-1545952
-4145975
-5103282
-3269400
-5434441
-989314
-3696048
-2951560
-4136891
-2293563
-2172785
-2238298
-2734264
-5339277
-338305
-4788786
-113931
-4166085
-213269
-555822
-2580294
-195420
-4740245
-5564885
-1366352
-1391296
-4758250
-3175612
-5596476
-3942048
-3111403
-3697617
-350498