-5999975
-5999253
-5995916
-5994737
-5990655
-5990389
-5989770
-5987166
-5987026
-5985607
-5985159
-5984697
-5981071
-5979967
-5979529
-5976017
-5975143
-5974317
-5974244
-5973211
-5970790
-5968610
-5964561
-5964443
-5962612
-5959480
-5958985
-5957375
-5956672
-5955709
-5955426
-5955340
-5954266
-5953333
-5953126
-5952126
-5951816
-5951124
-5950506
-5950271
-5948490
-5948168
-5945262
-5944891
-5944750
-5944264
-5944244
-5944178
-5943848
-5942153
-5940875
-5937508
-5937100
-5936383
-5934149
-5933867
-5931991
-5931885
-5929681
-5928847
-5928304
-5927697
-5926740
-5924603
-5923625
-5921579
-5920386
-5918401
-5917769
-5913036
-5911053
-5910309
-5909655
-5909513
-5909237
-5908094
-5907799
-5904627
-5903850
-5903479
-5902544
-5900637
-5899947
-5899584
-5898000
-5894378
-5894044
-5893381
-5892760
-5892540
-5889176
-5888703
-5887268
-5887059
-5887046
-5886546
-5885552
-5881690
-5881435
-5880718
-5879904
-5879359
-5877209
-5876775
-5876214
-5876028
-5875031
-5868757
-5867021
-5866747
-5865838
-5864752
-5859792
-5858051
-5856714
-5853023
-5853003
-5851220
-5850529
-5848239
-5847799
-5845765
-5844991
-5843598
-5843445
-5842461
-5841941
-5838762
-5836292
-5835690
-5835567
-5835458
-5832909
-5832082
-5830584
-5829105
-5828778
-5827197
-5825738
-5822573
-5822096
-5821917
-5820924
-5819364
-5817509
-5816582
-5812588
-5811869
-5809578
-5808713
-5806580
-5806056
-5805964
-5805657
-5805573
-5804737
-5803790
-5803305
-5802322
-5801872
-5801800
-5800607
-5800085
-5799290
-5798990
-5793247
-5793145
-5792453
-5789509
-5789138
-5787728
-5780750
-5779920
-5777392
-5776155
-5775967
-5772624
-5768974
-5767788
-5765927
-5765899
-5765533
-5764667
-5761604
-5761024
-5760294
-5758242
-5758201
-5756067
-5755508
-5754450
-5753481
-5750927
-5750830
-5749980
-5749691
-5744050
-5743236
-5741548
-5740956
-5739632
-5738066
-5738022
-5737557
-5737097
-5736527
-5732540
-5732257
-5730161
-5729163
-5728889
-5728181
-5727770
-5726046
-5724602
-5720895
-5720183
-5718540
-5716503
-5715457
-5715403
-5714964
-5713337
-5711765
-5708795
-5708669
-5706614
-5705068
-5704675
-5703440
-5701671
-5701268
-5700854
-5699263
-5697371
-5697326
-5695164
-5695068
-5694881
-5693546
-5692824
-5692025
-5691330
-5688737
-5688122
-5687280
-5687018
-5687010
-5686895
-5686030
-5685812
-5685438
-5685039
-5684917
-5683748
-5683261
-5683000
-5682760
-5680743
-5680139
-5679913
-5679139
-5677414
-5676787
-5676046
-5674928
-5673370
-5672998
-5671583
-5671185
-5670561
-5668885
-5667677
-5667490
-5666848
-5666749
-5666702
-5666606
-5666284
-5665414
-5664489
-5661841
-5661527
-5660717
-5658863
-5658462
-5658168
-5657550
-5656050
-5654333
-5654152
-5652539
-5650757
-5650556
-5649206
-5647112
-5645383
-5645029
-5640588
-5639561
-5638049
-5636122
-5635350
-5633329
-5633194
-5632903
-5631574
-5630018
-5629199
-5628956
-5628401
-5627577
-5623965
-5623655
-5623536
-5622705
-5622122
-5620010
-5618197
-5617280
-5616519
-5614266
-5612137
-5608799
-5608662
-5606848
-5606294
-5605638
-5604585
-5601720
-5600921
-5598310
-5597082
-5596476
-5596224
-5595553
-5595237
-5593051
-5590926
-5588223
-5584828
-5584456
-5584414
-5584308
-5579744
-5577648
-5577208
-5576929
-5575183
-5575095
-5572988
-5572316
-5572146
-5571323
-5569239
-5564885
-5564482
-5563867
-5563311
-5561354
-5560910
-5557528
-5555725
-5550929
-5550300
-5548957
-5547063
-5546702
-5546589
-5543457
-5542586
-5541110
-5539252
-5536679
-5536032
-5533338
-5532902
-5532045
-5526033
-5525432
-5524975
-5523868
-5521585
-5519967
-5517391
-5517166
-5515554
-5511966
-5511786
-5511292
-5510307
-5509167
-5507554
-5506314
-5506296
-5506282
-5504704
-5501755
-5501607
-5501426
-5499380
-5498472
-5498194
-5497209
-5497033
-5495610
-5493287
-5491828
-5491050
-5490703
-5490300
-5489973
-5489890
-5489237
-5489018
-5488333
-5486722
-5485970
-5484866
-5484525
-5483990
-5482059
-5481887
-5481376
-5480992
-5480637
-5480504
-5480383
-5479388
-5477612
-5476488
-5471248
-5470162
-5469847
-5467482
-5467471
-5467198
-5465917
-5464787
-5464402
-5464365
-5464198
-5463426
-5461636
-5460869
-5459182
-5458041
-5457269
-5456766
-5456418
-5455503
-5453677
-5453223
-5452892
-5452269
-5451373
-5450671
-5450166
-5450043
-5446828
-5446702
-5445431
-5443137
-5439366
-5436891
-5436368
-5435155
-5434441
-5430875
-5429760
-5425481
-5424994
-5424970
-5421490
-5417843
-5417667
-5417293
-5415397
-5412606
-5411957
-5409901
-5409604
-5409463
-5409239
-5407960
-5406927
-5406610
-5405911
-5404884
-5404587
-5403685
-5402040
-5401771
-5401545
-5401493
-5400204
-5396217
-5394467
-5390842
-5386262
-5385968
-5384700
-5382779
-5381819
-5381481
-5380934
-5380871
-5380730
-5379646
-5378299
-5378203
-5376788
-5372633
-5372564
-5372136
-5372031
-5370680
-5370411
-5370042
-5369130
-5368363
-5367466
-5366835
-5366825
-5363824
-5362087
-5360623
-5359449
-5358054
-5355400
-5355171
-5352839
-5352711
-5351460
-5349057
-5347643
-5346708
-5341402
-5340058
-5339426
-5339277
-5339264
-5338977
-5338835
-5338457
-5337614
-5337484
-5336782
-5336413
-5332373
-5330349
-5326304
-5326119
-5326023
-5325895
-5324895
-5322705
-5322141
-5321265
-5320607
-5320300
-5319074
-5318717
-5318637
-5318362
-5317922
-5316231
-5315777
-5315560
-5315139
-5312511
-5311492
-5311047
-5309169
-5308537
-5308143
-5307615
-5307357
-5304353
-5303812
-5301355
-5301304
-5300709
-5300569
-5296617
-5295774
-5292867
-5292780
-5287461
-5287332
-5283941
-5282693
-5281392
-5280306
-5277114
-5275947
-5273927
-5267847
-5263636
-5255966
-5255382
-5253479
-5251993
-5251550
-5249061
-5248107
-5245105
-5240854
-5240379
-5236628
-5235636
-5233876
-5233047
-5231283
-5230811
-5230253
-5226752
-5226483
-5225593
-5225574
-5224638
-5223331
-5223006
-5221457
-5219692
-5218689
-5218033
-5215623
-5213434
-5212286
-5212186
-5211463
-5210413
-5208189
-5208006
-5202598
-5202515
-5200397
-5198769
-5197182
-5196223
-5195562
-5193738
-5193253
-5191319
-5189271
-5188889
-5188698
-5188147
-5188076
-5187386
-5187115
-5186785
-5185882
-5185288
-5185073
-5183032
-5178817
-5178668
-5177812
-5175559
-5175515
-5171205
-5171094
-5171061
-5168725
-5168250
-5165973
-5164913
-5163377
-5163188
-5162406
-5161177
-5160506
-5160295
-5159209
-5158543
-5157394
-5156486
-5155938
-5152414
-5152110
-5150926
-5149220
-5148290
-5146164
-5143453
-5139542
-5139352
-5139074
-5137775
-5136977
-5135631
-5135061
-5134380
-5132527
-5132008
-5128130
-5127987
-5125222
-5125060
-5120933
-5119420
-5119253
-5119137
-5117809
-5116054
-5113310
-5112988
-5112903
-5111711
-5110400
-5106912
-5106873
-5104196
-5104134
-5103282
-5103144
-5101435
-5097335
-5097089
-5096954
-5095829
-5093035
-5091386
-5088650
-5087295
-5086227
-5077211
-5075521
-5074676
-5073979
-5072548
-5071397
-5071003
-5070194
-5069024
-5067419
-5066943
-5066553
-5065815
-5064347
-5063226
-5062592
-5060273
-5059570
-5058645
-5056473
-5056011
-5055986
-5055659
-5054986
-5053761
-5052566
-5046867
-5046697
-5045782
-5044096
-5042352
-5041826
-5041170
-5039359
-5038486
-5037093
-5034735
-5034435
-5033182
-5030401
-5025825
-5024780
-5023813
-5023102
-5022533
-5021181
-5021104
-5020803
-5019776
-5017033
-5015349
-5015227
-5014016
-5012363
-5012113
-5007412
-5003111
-5001498
-4999890
-4999544
-4998175
-4997540
-4996917
-4996325
-4995373
-4994697
-4992265
-4991338
-4989280
-4985909
-4985440
-4985108
-4984520
-4984106
-4983329
-4982819
-4980261
-4979865
-4978394
-4977879
-4977792
-4977345
-4976596
-4975595
-4974714
-4974336
-4974308
-4973822
-4973136
-4970228
-4969453
-4964056
-4963941
-4960267
-4958812
-4958082
-4957174
-4954018
-4952906
-4952338
-4951755
-4950815
-4949128
-4945070
-4943667
-4943424
-4941000
-4940831
-4940490
-4940205
-4935488
-4935252
-4934674
-4933204
-4932247
-4926842
-4925003
-4923885
-4923881
-4923339
-4922334
-4918072
-4917380
-4917321
-4916931
-4915806
-4914747
-4914517
-4912721
-4912618
-4912039
-4911908
-4909816
-4908328
-4908223
-4907818
-4902908
-4902671
-4900701
-4900634
-4900011
-4899088
-4899072
-4898834
-4897888
-4897324
-4896402
-4896346
-4895458
-4894619
-4894043
-4893703
-4890887
-4889498
-4888980
-4885960
-4885687
-4885426
-4884735
-4878535
-4877793
-4875631
-4875586
-4871993
-4871595
-4870724
-4869896
-4863524
-4863359
-4862822
-4861776
-4861326
-4860242
-4857893
-4857719
-4857158
-4856543
-4856105
-4855503
-4850998
-4850801
-4850151
-4848601
-4846293
-4844444
-4843989
-4843630
-4843373
-4843290
-4842651
-4840767
-4837896
-4837885
-4836530
-4834613
-4834582
-4833927
-4831519
-4830407
-4829132
-4827341
-4822526
-4821735
-4820301
-4817857
-4816455
-4816087
-4815669
-4815253
-4815229
-4814214
-4813880
-4813641
-4810464
-4810138
-4809344
-4807424
-4807296
-4806097
-4803181
-4803010
-4801071
-4800930
-4799000
-4798899
-4796831
-4794694
-4792631
-4791737
-4791332
-4789969
-4789807
-4789359
-4789257
-4788786
-4787906
-4786963
-4785816
-4784301
-4783408
-4782879
-4782369
-4779383
-4779005
-4778989
-4778861
-4777970
-4777255
-4777158
-4776691
-4775937
-4775749
-4774737
-4774684
-4772286
-4769923
-4769544
-4769287
-4767776
-4767383
-4765776
-4763029
-4759339
-4759150
-4759064
-4758361
-4758250
-4757389
-4756934
-4756220
-4754215
-4753513
-4751686
-4749207
-4747470
-4746556
-4746202
-4745308
-4744410
-4742951
-4742548
-4742198
-4741789
-4741316
-4740419
-4740245
-4738987
-4738057
-4737618
-4736489
-4734449
-4734322
-4732153
-4728740
-4728503
-4726254
-4723348
-4722940
-4721743
-4720159
-4719695
-4719539
-4719286
-4717874
-4717110
-4715383
-4713917
-4713315
-4712463
-4708901
-4707939
-4706693
-4706679
-4705293
-4704475
-4703234
-4701730
-4698817
-4698336
-4697981
-4697584
-4697560
-4697117
-4693928
-4692340
-4692062
-4691318
-4691123
-4690661
-4686819
-4686735
-4685066
-4684993
-4681362
-4681156
-4679082
-4678992
-4675641
-4670413
-4669494
-4669003
-4666187
-4664946
-4662955
-4662712
-4661546
-4661117
-4660955
-4660934
-4660232
-4657087
-4655562
-4655118
-4654623
-4652193
-4649951
-4649860
-4649611
-4649506
-4649177
-4643213
-4642189
-4641426
-4640887
-4638126
-4636773
-4632746
-4628443
-4628317
-4626879
-4626075
-4625750
-4624723
-4624556
-4624542
-4622847
-4617975
-4616496
-4616424
-4615756
-4615188
-4612358
-4610836
-4609242
-4607731
-4607096
-4606860
-4605262
-4604468
-4602420
-4601826
-4601394
-4601054
-4598503
-4595420
-4594857
-4594676
-4591867
-4591601
-4585634
-4583412
-4583062
-4582252
-4578900
-4578561
-4578347
-4575762
-4575348
-4575199
-4573990
-4573568
-4573568
-4572043
-4571376
-4570707
-4568390
-4565962
-4563391
-4561475
-4560761
-4560020
-4559391
-4558879
-4558240
-4557955
-4556853
-4556440
-4555745
-4555478
-4555005
-4550750
-4549442
-4548981
-4547739
-4546622
-4546601
-4545692
-4545594
-4544117
-4542260
-4541983
-4538617
-4537486
-4537123
-4535808
-4535681
-4535199
-4534171
-4533741
-4533224
-4532494
-4531133
-4530985
-4529858
-4528953
-4527524
-4524589
-4524280
-4524172
-4524056
-4522623
-4521568
-4519122
-4519015
-4516059
-4515264
-4513961
-4513922
-4512935
-4512616
-4512303
-4512031
-4505209
-4505061
-4503876
-4503147
-4500486
-4499577
-4497647
-4497035
-4495861
-4493935
-4491996
-4490011
-4488948
-4488787
-4481582
-4479819
-4479237
-4477386
-4475102
-4474031
-4473929
-4470690
-4470004
-4469124
-4467424
-4466037
-4464848
-4463917
-4463896
-4463304
-4463102
-4460578
-4459727
-4457560
-4456972
-4456420
-4455655
-4453587
-4452881
-4452646
-4452314
-4452034
-4449930
-4448296
-4447641
-4447603
-4444356
-4444332
-4443704
-4443260
-4441660
-4441474
-4438936
-4433744
-4429299
-4428486
-4428471
-4427685
-4426846
-4424661
-4423937
-4420773
-4418171
-4417243
-4410874
-4410265
-4409153
-4407739
-4407519
-4405569
-4402731
-4399593
-4398868
-4396606
-4395982
-4394651
-4393320
-4392045
-4391182
-4391058
-4389998
-4388300
-4388065
-4386282
-4385160
-4384129
-4383885
-4382771
-4381551
-4380554
-4379275
-4378637
-4378318
-4377898
-4373034
-4372265
-4371446
-4370782
-4370238
-4369489
-4368864
-4367915
-4367476
-4366923
-4366768
-4366650
-4366137
-4364038
-4363986
-4363567
-4362159
-4360668
-4359700
-4357528
-4357128
-4355309
-4353983
-4350372
-4349863
-4348082
-4344994
-4344122
-4342564
-4341436
-4339516
-4338635
-4336270
-4335984
-4333821
-4332107
-4331825
-4330303
-4329150
-4328552
-4327633
-4322075
-4320450
-4319835
-4319704
-4318767
-4318371
-4316360
-4314146
-4313948
-4313909
-4313832
-4312328
-4307572
-4307051
-4301090
-4301076
-4300627
-4300317
-4299863
-4299031
-4297771
-4296456
-4296338
-4296201
-4295392
-4294841
-4293561
-4293284
-4292936
-4288695
-4288412
-4287461
-4285527
-4285509
-4282097
-4280735
-4280656
-4280558
-4277953
-4277647
-4277351
-4276666
-4276169
-4275827
-4275755
-4275544
-4275194
-4274506
-4273840
-4273354
-4272236
-4271337
-4269469
-4266830
-4264964
-4264019
-4263965
-4263852
-4261369
-4260772
-4260337
-4257940
-4257635
-4254720
-4254254
-4253748
-4251176
-4250259
-4249741
-4249215
-4248332
-4247536
-4247368
-4246585
-4246366
-4246137
-4245763
-4244402
-4242963
-4241639
-4241598
-4241412
-4240223
-4239662
-4238737
-4237616
-4236061
-4235135
-4233521
-4229626
-4229265
-4226780
-4224423
-4222443
-4221324
-4216858
-4215739
-4213567
-4213109
-4213090
-4211897
-4210193
-4209229
-4207806
-4206384
-4205851
-4203008
-4202697
-4199534
-4197653
-4196681
-4196281
-4195896
-4194294
-4193728
-4192333
-4192221
-4192058
-4191531
-4190347
-4189860
-4189774
-4187268
-4187019
-4184911
-4183535
-4181842
-4181021
-4180658
-4180576
-4180386
-4178729
-4178435
-4178345
-4178137
-4177280
-4175086
-4174669
-4174631
-4174373
-4172525
-4169110
-4168491
-4167183
-4166085
-4165508
-4164326
-4161945
-4160898
-4160825
-4159176
-4157611
-4156784
-4155027
-4152024
-4151187
-4151062
-4150134
-4149409
-4148230
-4147979
-4147716
-4147589
-4147078
-4146065
-4145975
-4141770
-4140038
-4139591
-4139495
-4137261
-4136891
-4136417
-4133280
-4131377
-4130523
-4129238
-4126501
-4124880
-4124247
-4116520
-4116038
-4112799
-4112459
-4110959
-4110213
-4108700
-4108419
-4107435
-4105175
-4104794
-4104336
-4104192
-4103251
-4103099
-4101693
-4101689
-4100821
-4100550
-4096564
-4096379
-4096304
-4093723
-4093356
-4093020
-4091978
-4089994
-4089682
-4088209
-4087796
-4086822
-4085063
-4084628
-4081991
-4080189
-4079420
-4078608
-4076742
-4075737
-4075357
-4074594
-4074294
-4072829
-4072096
-4071772
-4069596
-4069564
-4069397
-4069315
-4068542
-4067360
-4064202
-4063609
-4060927
-4055366
-4054888
-4054673
-4053643
-4052421
-4051535
-4043916
-4042375
-4041206
-4039998
-4038898
-4037598
-4036790
-4034521
-4033391
-4033142
-4033026
-4031405
-4028250
-4027313
-4026267
-4026196
-4025561
-4025171
-4024541
-4024080
-4019842
-4018719
-4017689
-4014983
-4014767
-4013843
-4012984
-4011769
-4010809
-4010127
-4007406
-4005755
-4004880
-4003656
-4002817
-4001654
-3999507
-3999487
-3997662
-3996870
-3994181
-3991956
-3987393
-3987095
-3986456
-3986162
-3985469
-3983493
-3979797
-3979379
-3977357
-3976569
-3976521
-3975676
-3975642
-3972546
-3972500
-3967725
-3967439
-3967278
-3964995
-3963530
-3962660
-3960593
-3959688
-3956029
-3955477
-3955418
-3953366
-3952846
-3951904
-3951535
-3951397
-3949991
-3948238
-3946680
-3946553
-3945717
-3944214
-3942048
-3941410
-3941057
-3939861
-3938903
-3938404
-3937187
-3936963
-3936199
-3934989
-3934874
-3934401
-3930707
-3929228
-3927421
-3925651
-3924902
-3923466
-3921343
-3919699
-3918917
-3918732
-3918182
-3916614
-3915700
-3913678
-3911266
-3911245
-3910395
-3908819
-3905213
-3903714
-3903652
-3901295
-3899816
-3899575
-3898414
-3894891
-3894202
-3892675
-3891330
-3890871
-3890181
-3890012
-3889692
-3887936
-3886899
-3886056
-3884690
-3884570
-3884517
-3884002
-3883143
-3882938
-3881645
-3880372
-3875739
-3874223
-3872121
-3872116
-3870318
-3869741
-3869201
-3869026
-3869018
-3866666
-3865950
-3864965
-3864801
-3863478
-3863452
-3862749
-3859823
-3859352
-3856784
-3856701
-3856374
-3853124
-3851276
-3848238
-3847890
-3847660
-3845099
-3843391
-3841997
-3841899
-3841602
-3839139
-3839021
-3837616
-3834856
-3834056
-3833197
-3831279
-3831112
-3829720
-3829071
-3828161
-3828144
-3827753
-3826456
-3825984
-3824670
-3824296
-3823475
-3823428
-3823421
-3823207
-3822737
-3822335
-3821902
-3821656
-3815053
-3812471
-3810394
-3809517
-3807762
-3805900
-3805207
-3804492
-3803597
-3803257
-3802005
-3798237
-3798230
-3796460
-3795373
-3793944
-3793020
-3792792
-3792357
-3790956
-3790830
-3790420
-3788937
-3788655
-3788399
-3786239
-3785936
-3785451
-3785141
-3784262
-3782932
-3780557
-3778041
-3776307
-3772558
-3772112
-3771478
-3771097
-3770972
-3770891
-3769275
-3767394
-3767151
-3767141
-3766767
-3765653
-3763208
-3761885
-3756314
-3755915
-3753991
-3753035
-3751862
-3750264
-3750231
-3749584
-3749033
-3747782
-3747311
-3746526
-3745274
-3744488
-3742434
-3742072
-3737652
-3736239
-3734041
-3733421
-3731092
-3728665
-3726967
-3726247
-3724114
-3723130
-3720784
-3719059
-3718398
-3718278
-3717095
-3715258
-3714285
-3714213
-3713870
-3712399
-3711014
-3710781
-3707607
-3707120
-3706598
-3705172
-3704763
-3702644
-3701964
-3700448
-3699674
-3699348
-3697617
-3697605
-3696589
-3696048
-3695621
-3695409
-3695049
-3692082
-3687555
-3683321
-3680917
-3679808
-3679770
-3679401
-3677553
-3677060
-3676927
-3676508
-3675813
-3675690
-3673736
-3671901
-3670433
-3670047
-3670039
-3669126
-3667762
-3666945
-3666793
-3666109
-3665918
-3665167
-3664450
-3663718
-3662433
-3661689
-3660884
-3660849
-3660076
-3659727
-3658465
-3657992
-3652633
-3652170
-3649991
-3648755
-3647372
-3647316
-3645432
-3644961
-3644090
-3642700
-3641739
-3641204
-3639718
-3638684
-3635067
-3634609
-3634456
-3632827
-3631001
-3628982
-3626437
-3624678
-3624064
-3622095
-3620841
-3618210
-3615772
-3615772
-3614972
-3611150
-3610920
-3610873
-3608169
-3607818
-3607474
-3604010
-3603476
-3603216
-3602779
-3599885
-3598540
-3598442
-3597564
-3596640
-3593959
-3593951
-3592066
-3591366
-3590679
-3589949
-3589123
-3588945
-3587912
-3587784
-3586179
-3583113
-3582531
-3581780
-3581317
-3581284
-3581281
-3580600
-3579771
-3579229
-3578829
-3577828
-3576470
-3575511
-3575467
-3575034
-3567548
-3566535
-3565759
-3564506
-3563203
-3562624
-3561764
-3561655
-3561537
-3559987
-3559774
-3556876
-3555091
-3553939
-3550393
-3549185
-3548795
-3545879
-3545802
-3545400
-3544726
-3540726
-3539420
-3539373
-3533357
-3527516
-3525362
-3522966
-3522857
-3521551
-3521123
-3519666
-3517449
-3515816
-3514390
-3511085
-3510849
-3509520
-3509371
-3508737
-3507331
-3507065
-3506814
-3505520
-3504427
-3502416
-3501816
-3496940
-3496438
-3495477
-3495090
-3494739
-3493373
-3493189
-3492945
-3492859
-3492157
-3490840
-3490573
-3489910
-3489382
-3489064
-3488922
-3486993
-3484900
-3479462
-3478877
-3476859
-3474697
-3474340
-3473931
-3473525
-3473494
-3472810
-3469480
-3469313
-3469125
-3466512
-3466470
-3465846
-3463373
-3463241
-3462398
-3458226
-3456071
-3451489
-3449332
-3447568
-3447321
-3446514
-3446075
-3445551
-3443918
-3443341
-3443331
-3443184
-3440518
-3438781
-3438538
-3437720
-3436022
-3435839
-3435631
-3435505
-3434012
-3430952
-3430793
-3430520
-3430377
-3429776
-3428106
-3423280
-3422299
-3417234
-3413413
-3412773
-3411121
-3410486
-3407238
-3407098
-3406052
-3403726
-3403304
-3401438
-3401378
-3399629
-3397552
-3393073
-3392675
-3391958
-3390010
-3389386
-3387470
-3387235
-3386224
-3386049
-3383346
-3382028
-3381785
-3375619
-3375417
-3372540
-3372299
-3368416
-3365943
-3365920
-3365841
-3364328
-3362157
-3360776
-3358940
-3358882
-3357340
-3354588
-3351203
-3350891
-3350383
-3347781
-3347656
-3346581
-3345935
-3344500
-3343014
-3342315
-3341769
-3341124
-3340754
-3340389
-3340090
-3339258
-3338078
-3337287
-3336145
-3335709
-3335251
-3334163
-3330787
-3330477
-3329482
-3327846
-3327323
-3324963
-3318787
-3318640
-3317487
-3316788
-3316010
-3313705
-3313040
-3311831
-3311677
-3311579
-3310077
-3308489
-3307536
-3306784
-3305753
-3304878
-3304530
-3302661
-3301907
-3301736
-3301553
-3300232
-3299784
-3297335
-3294270
-3294093
-3292894
-3292087
-3289575
-3289126
-3288394
-3286132
-3284711
-3282018
-3281822
-3278343
-3277382
-3276923
-3276642
-3274720
-3273021
-3273003
-3272468
-3270472
-3270257
-3270048
-3269400
-3265426
-3264769
-3263796
-3261957
-3258426
-3255943
-3254957
-3254551
-3252089
-3249950
-3248826
-3247180
-3246536
-3245345
-3245085
-3245034
-3242920
-3242858
-3242640
-3241907
-3241652
-3240287
-3237100
-3236952
-3236852
-3236765
-3235159
-3234317
-3234312
-3233192
-3231969
-3231100
-3228117
-3227060
-3227019
-3226689
-3226269
-3226089
-3225933
-3225052
-3224408
-3224085
-3222888
-3222642
-3221818
-3220060
-3218989
-3218804
-3217477
-3217187
-3215536
-3212886
-3212084
-3211455
-3211130
-3209952
-3209117
-3208992
-3208964
-3205244
-3202202
-3199986
-3196912
-3195660
-3194799
-3193745
-3191658
-3191034
-3190285
-3189258
-3188289
-3187492
-3187361
-3186950
-3186421
-3185786
-3184873
-3184034
-3182443
-3182369
-3181752
-3181011
-3177107
-3175731
-3175612
-3174535
-3174429
-3173158
-3172628
-3168532
-3168301
-3166091
-3164191
-3164024
-3163489
-3163234
-3162951
-3160726
-3160492
-3156504
-3153916
-3150441
-3149746
-3142791
-3142652
-3140192
-3139120
-3138933
-3137716
-3134970
-3134053
-3133801
-3133655
-3133060
-3130258
-3130231
-3129282
-3128525
-3128164
-3127049
-3125209
-3125087
-3124493
-3122515
-3121989
-3117674
-3115531
-3112748
-3112079
-3111403
-3110326
-3108926
-3108553
-3108110
-3108085
-3107359
-3105968
-3105795
-3105526
-3105064
-3103665
-3101862
-3101092
-3100986
-3098812
-3096796
-3096332
-3094584
-3094322
-3093632
-3092468
-3090610
-3089502
-3088222
-3086794
-3086640
-3085671
-3084166
-3083740
-3083721
-3083432
-3081872
-3081052
-3080839
-3079984
-3079039
-3078939
-3076734
-3075846
-3075674
-3075167
-3075114
-3074643
-3074205
-3072906
-3072826
-3070522
-3069959
-3069145
-3065754
-3064639
-3064232
-3064183
-3062779
-3061408
-3059426
-3054874
-3054334
-3053330
-3052477
-3049705
-3048265
-3048103
-3045224
-3043796
-3043607
-3043206
-3042181
-3041555
-3041190
-3041125
-3040581
-3037934
-3037424
-3035660
-3032393
-3031273
-3030870
-3030569
-3029086
-3027019
-3026495
-3023799
-3021549
-3020476
-3019168
-3018646
-3018531
-3017886
-3017516
-3014988
-3014822
-3014621
-3014134
-3014056
-3013266
-3012561
-3012253
-3010559
-3009553
-3009469
-3009212
-3007702
-3007181
-3005718
-3004273
-3001808
-3001070
-2999546
-2998625
-2997413
-2997146
-2995885
-2989332
-2987231
-2986567
-2986534
-2986056
-2983758
-2982439
-2981755
-2980800
-2980498
-2979848
-2979779
-2974067
-2973659
-2973289
-2972801
-2972399
-2972022
-2968983
-2966800
-2966504
-2966245
-2964878
-2964753
-2964598
-2964159
-2964040
-2961854
-2959867
-2958459
-2957536
-2957227
-2956892
-2953787
-2953525
-2953339
-2953066
-2952951
-2952471
-2952101
-2951657
-2951560
-2948629
-2943672
-2941786
-2941233
-2938798
-2936512
-2936184
-2936116
-2935744
-2934960
-2934146
-2930797
-2930796
-2929678
-2929400
-2929179
-2929174
-2927319
-2925433
-2922516
-2921536
-2921424
-2921093
-2920719
-2919816
-2919750
-2919577
-2919434
-2919273
-2918904
-2918155
-2917300
-2915576
-2915494
-2913694
-2908481
-2907144
-2906964
-2906156
-2904601
-2904538
-2903957
-2903008
-2902137
-2900880
-2900342
-2900110
-2900030
-2899256
-2898973
-2897536
-2897462
-2895465
-2894175
-2893325
-2892941
-2892609
-2892484
-2892370
-2890816
-2890658
-2888583
-2887943
-2886854
-2886209
-2886131
-2885347
-2883341
-2880901
-2880110
-2879358
-2877950
-2874977
-2874701
-2872487
-2871922
-2870359
-2868267
-2866672
-2866210
-2865794
-2863314
-2863104
-2862601
-2862211
-2862028
-2859595
-2856713
-2855732
-2853736
-2850244
-2848532
-2848295
-2847527
-2845408
-2845282
-2844829
-2844826
-2844661
-2844359
-2844081
-2843358
-2842623
-2842561
-2841299
-2841216
-2840535
-2838705
-2836296
-2834500
-2833586
-2833111
-2832942
-2831733
-2830695
-2830276
-2827753
-2827155
-2825662
-2824718
-2823824
-2822945
-2822871
-2821072
-2819618
-2817463
-2816908
-2816621
-2816202
-2815912
-2815664
-2813605
-2813394
-2813356
-2813314
-2813059
-2810549
-2810444
-2809683
-2808222
-2806680
-2806144
-2805959
-2804085
-2802214
-2801890
-2799723
-2795001
-2794970
-2793580
-2793315
-2790776
-2790449
-2790220
-2790011
-2789590
-2787888
-2787685
-2786723
-2786360
-2784284
-2783505
-2783282
-2780945
-2780192
-2777426
-2772639
-2771931
-2771673
-2771236
-2769939
-2768759
-2768270
-2767312
-2766173
-2765804
-2764750
-2764675
-2763167
-2762144
-2761972
-2759793
-2759366
-2757008
-2756292
-2756218
-2754984
-2754823
-2754810
-2754689
-2754637
-2754296
-2750713
-2750214
-2749428
-2748374
-2747444
-2746893
-2745092
-2743616
-2743576
-2741318
-2740690
-2738769
-2738732
-2737354
-2736948
-2736060
-2735030
-2734264
-2733863
-2732655
-2732477
-2731318
-2731065
-2730819
-2726770
-2725460
-2723739
-2723089
-2722077
-2721713
-2720172
-2719025
-2718998
-2716070
-2715667
-2715261
-2714854
-2713469
-2711804
-2710386
-2709605
-2709259
-2703238
-2702508
-2697694
-2693864
-2693463
-2693400
-2691843
-2689757
-2688252
-2686207
-2684906
-2682533
-2681549
-2681321
-2678683
-2677482
-2676389
-2674374
-2674116
-2672895
-2668940
-2665736
-2664240
-2663646
-2663520
-2662630
-2660567
-2659170
-2658882
-2658686
-2658254
-2656008
-2652717
-2650729
-2650279
-2648974
-2646554
-2642310
-2641734
-2636584
-2635880
-2635481
-2635039
-2634999
-2634557
-2633797
-2633298
-2632564
-2628817
-2627235
-2624527
-2624391
-2623885
-2622938
-2620354
-2618633
-2618565
-2617202
-2617022
-2616638
-2616274
-2615319
-2612412
-2612304
-2612239
-2610679
-2609982
-2608175
-2607645
-2607284
-2606796
-2606572
-2602287
-2597647
-2596898
-2596771
-2592226
-2590799
-2588901
-2587836
-2585540
-2585344
-2585112
-2581150
-2581130
-2580294
-2579473
-2578800
-2578525
-2577457
-2577415
-2576548
-2575501
-2575341
-2573434
-2570826
-2568732
-2565733
-2565700
-2565678
-2564129
-2564015
-2563278
-2560586
-2559277
-2558575
-2558476
-2557310
-2556035
-2555065
-2554171
-2553993
-2552958
-2552366
-2551765
-2550550
-2548911
-2547040
-2546252
-2546079
-2545342
-2545058
-2544889
-2543369
-2542459
-2541521
-2539552
-2539525
-2538404
-2536142
-2535355
-2535139
-2534502
-2533437
-2532786
-2531979
-2531283
-2530395
-2528362
-2524753
-2524734
-2524364
-2524234
-2523220
-2523075
-2521585
-2520951
-2520579
-2518811
-2516787
-2514457
-2513141
-2513000
-2512489
-2511357
-2510073
-2509949
-2509090
-2507444
-2503098
-2501829
-2501454
-2501145
-2500589
-2500007
-2499536
-2498848
-2498821
-2494391
-2492187
-2489729
-2488938
-2484665
-2484614
-2483970
-2482175
-2481691
-2475237
-2474204
-2472876
-2471168
-2467901
-2467667
-2465048
-2463416
-2461899
-2461718
-2460776
-2460274
-2459129
-2458897
-2457809
-2457607
-2457423
-2455915
-2455262
-2454071
-2451815
-2450069
-2449651
-2448872
-2447183
-2445472
-2445197
-2444911
-2444807
-2444020
-2441632
-2440622
-2440099
-2438706
-2438201
-2437274
-2437043
-2435873
-2432688
-2432034
-2429887
-2429720
-2426326
-2425689
-2424940
-2424729
-2423335
-2419421
-2419310
-2419218
-2418427
-2416833
-2416090
-2414957
-2412579
-2412355
-2411743
-2411169
-2410561
-2410490
-2409734
-2404596
-2404456
-2403251
-2402412
-2401424
-2401361
-2399145
-2398035
-2396495
-2396214
-2395230
-2394930
-2389810
-2386418
-2385776
-2384057
-2384017
-2382863
-2381123
-2379894
-2377264
-2375713
-2374347
-2372525
-2371728
-2370128
-2369112
-2368957
-2368518
-2368199
-2367515
-2366639
-2364885
-2362412
-2362098
-2360575
-2360378
-2360127
-2359834
-2358880
-2358809
-2358393
-2355713
-2354525
-2354421
-2352521
-2351059
-2350880
-2350784
-2350236
-2349707
-2347669
-2346638
-2346340
-2345295
-2344670
-2344659
-2344515
-2344045
-2344037
-2343502
-2343383
-2342173
-2341600
-2340877
-2340681
-2339454
-2338195
-2337910
-2337725
-2337522
-2336885
-2335345
-2335241
-2330954
-2329666
-2329530
-2329057
-2326954
-2326725
-2326403
-2324880
-2324500
-2323448
-2321883
-2315298
-2311385
-2311311
-2310326
-2309345
-2308937
-2308656
-2308341
-2307015
-2305443
-2304831
-2304190
-2303638
-2303103
-2302786
-2301736
-2301241
-2293563
-2293428
-2292603
-2292116
-2292015
-2291170
-2289140
-2289040
-2286539
-2285607
-2283687
-2283253
-2280399
-2279195
-2279046
-2277139
-2273881
-2270175
-2270047
-2269569
-2269231
-2268174
-2267597
-2264671
-2264262
-2257854
-2256640
-2255598
-2254756
-2254390
-2253733
-2253113
-2252796
-2252609
-2252013
-2250241
-2249435
-2248697
-2248375
-2247899
-2244237
-2243421
-2242619
-2241779
-2239983
-2239583
-2238298
-2237135
-2237010
-2235361
-2235325
-2234798
-2234762
-2233634
-2231701
-2231128
-2230792
-2228760
-2228264
-2226936
-2225003
-2223073
-2222596
-2222579
-2220814
-2220495
-2220317
-2219305
-2219204
-2219111
-2218810
-2217803
-2216718
-2215024
-2213789
-2212667
-2212608
-2211692
-2209761
-2209699
-2208060
-2208013
-2206027
-2204006
-2201657
-2201366
-2198473
-2197599
-2197451
-2197379
-2195466
-2194305
-2192533
-2192532
-2191068
-2188145
-2187174
-2185927
-2183612
-2183534
-2182814
-2182284
-2179521
-2178749
-2177865
-2176229
-2174974
-2173849
-2172785
-2172559
-2170362
-2168555
-2167957
-2166749
-2166203
-2165155
-2163958
-2163248
-2162966
-2159897
-2157264
-2154078
-2153019
-2151651
-2150776
-2149864
-2147142
-2144932
-2143502
-2142215
-2141732
-2140800
-2140466
-2140343
-2140299
-2139137
-2139132
-2137603
-2137145
-2133595
-2133196
-2129491
-2125818
-2125246
-2121659
-2121008
-2116604
-2116474
-2115203
-2114142
-2112822
-2112748
-2112107
-2110791
-2110442
-2110261
-2109666
-2107743
-2105256
-2103913
-2103521
-2103442
-2101690
-2101231
-2100261
-2099790
-2099642
-2099026
-2097998
-2097822
-2096260
-2095704
-2095583
-2091358
-2089738
-2089460
-2089004
-2087077
-2086381
-2086310
-2085625
-2085318
-2084349
-2083679
-2081492
-2080018
-2075323
-2074197
-2073943
-2073810
-2073351
-2070517
-2068655
-2065991
-2065298
-2064995
-2063397
-2063359
-2063335
-2062203
-2059701
-2059568
-2059511
-2053023
-2052719
-2052335
-2052134
-2051676
-2048561
-2048485
-2048383
-2048351
-2047490
-2047315
-2046825
-2046064
-2045797
-2044765
-2043484
-2042197
-2041428
-2041405
-2039566
-2039452
-2037947
-2036621
-2035583
-2035382
-2034478
-2032666
-2030939
-2027009
-2026260
-2026114
-2024448
-2022313
-2021724
-2020916
-2020085
-2019850
-2018354
-2017177
-2007594
-2006253
-2005977
-2005424
-2004610
-2003315
-2002660
-2002487
-2000636
-1996291
-1992222
-1990187
-1989942
-1988955
-1987910
-1987356
-1983789
-1980487
-1978240
-1977266
-1977046
-1976815
-1973744
-1973633
-1973614
-1973374
-1972932
-1971953
-1970990
-1969805
-1967852
-1967441
-1967056
-1966555
-1964379
-1961098
-1959964
-1959945
-1959901
-1959135
-1958105
-1957684
-1952382
-1951767
-1951211
-1951076
-1950946
-1949864
-1947001
-1946633
-1946574
-1945499
-1940951
-1937689
-1936305
-1936189
-1934832
-1933532
-1933267
-1932344
-1930256
-1929756
-1928806
-1928720
-1925937
-1925663
-1924582
-1923772
-1923451
-1923063
-1922760
-1920086
-1919782
-1919393
-1918991
-1918363
-1918239
-1915152
-1914378
-1912653
-1912372
-1911986
-1907885
-1905980
-1905643
-1903991
-1902720
-1901230
-1900798
-1900044
-1899873
-1898081
-1897543
-1895077
-1894670
-1894163
-1893633
-1893193
-1893155
-1891984
-1890544
-1890406
-1890219
-1890153
-1889696
-1888181
-1886970
-1886385
-1885589
-1884171
-1883139
-1882977
-1882140
-1880399
-1880360
-1878792
-1877287
-1876859
-1873313
-1870914
-1870390
-1867720
-1867201
-1865422
-1865197
-1861200
-1860546
-1859804
-1858703
-1858338
-1857630
-1857483
-1856216
-1856116
-1855126
-1854573
-1853674
-1852465
-1851749
-1849638
-1848430
-1848027
-1845896
-1844954
-1844103
-1843678
-1843463
-1842275
-1841540
-1840019
-1837577
-1836107
-1836064
-1835623
-1833461
-1830214
-1830204
-1829752
-1828528
-1827852
-1827727
-1827673
-1826631
-1824365
-1823590
-1822534
-1822210
-1821978
-1818915
-1818499
-1816054
-1808427
-1807435
-1804731
-1803793
-1803655
-1802975
-1801973
-1801705
-1801690
-1801606
-1799297
-1797855
-1797213
-1797166
-1797031
-1796913
-1795216
-1793489
-1793022
-1788350
-1787179
-1784447
-1783964
-1783588
-1783455
-1783067
-1779536
-1779154
-1779084
-1778818
-1776859
-1776342
-1775111
-1773620
-1773396
-1772291
-1771217
-1768468
-1767903
-1767414
-1767291
-1766991
-1765977
-1763844
-1763821
-1763753
-1760812
-1760014
-1759621
-1759290
-1758223
-1756842
-1755281
-1754425
-1754280
-1754012
-1747082
-1747000
-1746990
-1746904
-1746250
-1743787
-1743761
-1742850
-1740803
-1740753
-1738873
-1738560
-1737514
-1737397
-1735202
-1733634
-1731072
-1729009
-1727658
-1726885
-1725459
-1724823
-1722912
-1721880
-1718352
-1717021
-1713909
-1713658
-1713134
-1712292
-1711548
-1711196
-1709622
-1708915
-1708824
-1708662
-1708636
-1708312
-1708047
-1706626
-1705838
-1704128
-1703635
-1702356
-1700810
-1700081
-1699953
-1698596
-1696959
-1696517
-1696327
-1695359
-1695183
-1695023
-1694088
-1691794
-1691057
-1687736
-1686768
-1685317
-1684561
-1681128
-1678007
-1673602
-1673382
-1672156
-1670680
-1668746
-1668020
-1667913
-1667428
-1664899
-1664201
-1663086
-1662897
-1662322
-1662239
-1661604
-1661072
-1659578
-1659149
-1656449
-1655574
-1654660
-1654446
-1653326
-1653061
-1652484
-1651135
-1647263
-1646276
-1644210
-1643006
-1642515
-1640819
-1639666
-1639088
-1638987
-1638308
-1636057
-1632790
-1629501
-1629447
-1629097
-1627684
-1627524
-1626111
-1625453
-1622667
-1620513
-1617745
-1617680
-1615766
-1615250
-1614666
-1614122
-1613437
-1612124
-1611233
-1611176
-1606937
-1605228
-1604768
-1603631
-1603337
-1602729
-1602071
-1601072
-1599870
-1598312
-1597631
-1596332
-1594473
-1593918
-1593889
-1591632
-1590675
-1590279
-1589340
-1589049
-1588593
-1587491
-1586545
-1585670
-1585183
-1584538
-1584277
-1579165
-1578626
-1577197
-1575984
-1574048
-1570779
-1570596
-1569722
-1568275
-1566503
-1565095
-1560901
-1558812
-1558739
-1557481
-1556295
-1556244
-1554283
-1553212
-1552409
-1551900
-1551172
-1548165
-1547013
-1546011
-1545952
-1545924
-1545489
-1543985
-1543901
-1543712
-1542280
-1541910
-1541145
-1540093
-1537273
-1535705
-1535199
-1530448
-1529645
-1529508
-1528245
-1527721
-1527286
-1527046
-1525436
-1524595
-1524325
-1523854
-1523053
-1522691
-1522265
-1520724
-1520586
-1520401
-1520175
-1520092
-1518999
-1517793
-1514834
-1513849
-1511115
-1510107
-1509981
-1509718
-1509322
-1509283
-1508104
-1508024
-1507618
-1507591
-1506525
-1505982
-1505104
-1504588
-1502968
-1502122
-1501072
-1495245
-1494818
-1492219
-1489224
-1488819
-1488398
-1487112
-1486926
-1483310
-1481877
-1481295
-1479501
-1478588
-1478251
-1477656
-1477633
-1477478
-1475191
-1475058
-1473784
-1472466
-1471210
-1468946
-1468482
-1466912
-1464350
-1462832
-1461091
-1459608
-1459326
-1458108
-1457803
-1454872
-1452997
-1451269
-1451087
-1450418
-1450132
-1449910
-1448890
-1447212
-1447085
-1446182
-1445085
-1444843
-1444522
-1442667
-1441839
-1440067
-1439175
-1439156
-1438988
-1437156
-1436343
-1434885
-1434674
-1434047
-1430939
-1429573
-1429469
-1428412
-1426606
-1424159
-1423220
-1422177
-1421313
-1421156
-1421029
-1420495
-1420073
-1418641
-1418140
-1416190
-1415450
-1415116
-1414048
-1412532
-1411823
-1410656
-1408026
-1407142
-1404236
-1398546
-1398090
-1397781
-1396574
-1396548
-1395928
-1394974
-1394204
-1391810
-1391635
-1391296
-1390523
-1387656
-1387567
-1386872
-1381588
-1381574
-1381482
-1381206
-1380904
-1380513
-1379970
-1379642
-1378455
-1378394
-1376738
-1376244
-1373913
-1373751
-1373704
-1371987
-1370943
-1370080
-1369628
-1368842
-1368656
-1367945
-1367812
-1367490
-1367243
-1366564
-1366352
-1366027
-1365392
-1364810
-1361206
-1358744
-1357841
-1357824
-1356764
-1356557
-1356194
-1355744
-1355213
-1354340
-1350931
-1348791
-1347735
-1346780
-1345914
-1342063
-1341442
-1338548
-1338496
-1337430
-1334273
-1334093
-1331399
-1330523
-1330201
-1328423
-1326829
-1325590
-1325465
-1321995
-1321345
-1316780
-1315197
-1312048
-1310452
-1307099
-1305371
-1303988
-1302163
-1301599
-1300313
-1299326
-1297937
-1296695
-1296238
-1294330
-1290351
-1289820
-1288854
-1288672
-1287322
-1286563
-1284128
-1282881
-1281744
-1277064
-1276631
-1275817
-1275622
-1274537
-1273359
-1273271
-1271457
-1271442
-1271104
-1268959
-1268086
-1267515
-1266673
-1266611
-1266224
-1266208
-1265591
-1264825
-1264466
-1263955
-1263749
-1262661
-1262443
-1260774
-1260195
-1258078
-1257490
-1256585
-1256563
-1254809
-1253494
-1252156
-1248835
-1246316
-1246004
-1245768
-1245567
-1245319
-1245253
-1243242
-1242350
-1240473
-1239602
-1238756
-1238206
-1235856
-1233490
-1233386
-1233056
-1232916
-1230969
-1230213
-1227911
-1226788
-1226329
-1226204
-1224317
-1223225
-1220128
-1218306
-1217954
-1216518
-1215999
-1213287
-1209801
-1206833
-1205776
-1205201
-1204984
-1204845
-1202101
-1201297
-1199685
-1199341
-1195961
-1195538
-1194526
-1193425
-1192765
-1189211
-1187690
-1186525
-1186156
-1185282
-1184720
-1184332
-1184096
-1180733
-1180706
-1180687
-1176449
-1175786
-1173023
-1171397
-1168381
-1164622
-1163059
-1162451
-1159338
-1157841
-1153629
-1152809
-1152216
-1151883
-1151185
-1151158
-1147778
-1145917
-1145575
-1141448
-1140928
-1140763
-1138882
-1137036
-1136890
-1135866
-1135790
-1134916
-1134913
-1134503
-1132726
-1132164
-1131588
-1131588
-1128952
-1126790
-1123845
-1123130
-1119838
-1118424
-1117204
-1115728
-1115387
-1112107
-1111921
-1108314
-1107476
-1105548
-1104542
-1104041
-1104029
-1102773
-1101415
-1098688
-1097400
-1097332
-1097275
-1096966
-1096785
-1096072
-1095511
-1093376
-1092042
-1091554
-1091436
-1090951
-1090478
-1088290
-1087659
-1086599
-1085921
-1085851
-1085035
-1084062
-1081886
-1081765
-1081443
-1080459
-1079971
-1079956
-1079666
-1076917
-1073511
-1073312
-1071392
-1069464
-1065473
-1064880
-1061465
-1060834
-1059517
-1055541
-1055042
-1054031
-1051370
-1050649
-1048859
-1047519
-1047460
-1044266
-1043513
-1043350
-1043013
-1042883
-1041823
-1041649
-1039726
-1039254
-1038130
-1037483
-1036627
-1035627
-1031648
-1031114
-1030991
-1029439
-1024316
-1024028
-1021071
-1020228
-1019047
-1017512
-1016897
-1016010
-1015168
-1013672
-1008607
-1004303
-1003019
-1001650
-1001129
-999727
-998713
-998263
-997856
-997437
-996340
-995612
-992369
-990219
-989524
-989314
-987860
-986091
-983822
-982420
-982376
-980643
-979438
-979438
-978282
-978059
-977969
-977874
-977260
-975166
-973493
-973032
-972733
-972579
-971911
-970893
-970584
-968956
-966269
-966057
-962709
-962670
-962598
-961962
-960678
-960572
-958551
-957707
-956608
-956145
-955453
-954855
-953520
-952863
-951802
-950540
-950527
-949024
-948790
-947586
-946750
-945330
-943801
-941259
-941124
-940054
-937717
-935563
-933017
-932508
-932287
-931124
-930714
-930681
-930008
-929404
-929041
-929004
-928610
-926007
-925532
-924290
-924076
-921144
-920790
-919249
-917329
-915392
-912688
-912469
-912412
-910000
-909824
-909164
-907398
-906926
-905433
-905323
-904794
-903467
-902872
-901612
-896118
-896056
-894975
-891618
-890918
-885319
-885315
-883858
-883681
-883510
-883355
-881820
-880992
-880912
-878843
-878766
-877686
-876046
-873609
-873103
-870818
-867518
-865100
-865083
-863597
-861938
-861645
-861294
-860350
-860330
-859924
-858862
-858203
-858202
-858086
-855727
-855526
-854226
-853004
-852930
-851367
-850285
-847341
-846733
-844989
-844739
-842121
-840902
-840230
-839933
-836770
-835926
-835699
-835529
-834388
-830436
-830104
-829286
-826794
-823486
-822002
-820270
-820206
-817825
-817102
-816509
-815302
-813719
-811001
-810162
-808561
-808542
-808482
-807940
-803624
-799537
-796827
-796216
-795947
-795753
-795493
-793583
-791905
-791463
-790798
-790174
-789398
-785720
-785312
-783703
-782791
-781266
-779225
-778906
-777383
-775621
-774530
-773909
-772680
-771851
-771378
-770237
-768129
-767061
-766682
-765191
-762988
-762169
-762135
-757657
-756501
-752227
-749863
-749834
-748133
-747797
-745144
-739881
-739255
-736868
-736809
-735409
-735129
-733813
-733125
-730751
-729901
-729653
-719490
-719178
-716806
-716220
-714692
-712702
-712442
-712320
-712208
-711075
-709775
-706505
-706350
-706035
-705678
-704838
-704617
-704336
-703998
-702761
-701998
-700919
-698023
-696637
-696543
-695567
-694436
-692078
-691271
-690716
-689494
-689475
-685638
-685078
-683554
-679744
-678862
-677387
-676199
-675532
-675460
-673527
-672935
-671478
-671262
-668509
-667187
-665182
-662050
-661317
-660215
-659458
-658762
-656893
-651797
-650641
-650036
-649675
-649595
-647406
-647404
-647126
-646531
-645888
-645511
-644185
-643134
-642363
-640284
-637265
-637194
-637039
-636799
-636607
-636086
-632029
-630785
-630601
-629774
-629745
-628832
-628353
-625856
-625554
-622581
-620917
-620842
-617685
-617602
-615609
-614316
-613807
-613467
-612179
-611240
-610029
-606568
-605179
-600917
-600774
-600742
-599920
-599812
-598949
-598360
-598050
-597978
-597069
-596079
-595445
-595258
-594121
-593395
-593021
-592827
-591269
-591000
-590068
-589914
-588031
-587013
-585432
-584870
-584808
-584808
-584501
-580187
-577427
-576977
-576560
-576067
-575215
-575207
-574457
-571700
-571542
-571361
-571069
-570119
-567129
-566920
-566758
-566402
-565763
-565023
-562449
-558987
-556577
-556104
-555822
-552731
-552098
-550910
-550600
-549403
-547335
-546486
-546278
-545915
-543521
-542537
-540327
-537294
-531867
-531244
-531072
-530460
-528273
-527679
-522840
-521622
-520475
-517513
-517439
-516977
-516883
-513721
-510442
-508748
-508675
-507702
-506355
-506146
-505855
-505703
-505604
-505555
-505331
-502100
-501810
-501420
-500528
-500236
-499327
-499055
-496753
-495974
-492145
-486716
-484161
-483069
-478766
-478573
-478171
-478063
-477754
-472627
-471742
-470952
-469784
-466288
-465903
-465521
-465078
-463832
-463139
-462946
-461519
-459303
-458978
-458863
-454667
-454360
-454355
-453443
-453174
-453149
-452572
-451979
-451308
-450701
-442872
-442183
-440849
-440577
-440256
-439387
-437356
-436748
-435154
-432254
-430946
-429876
-429305
-428998
-428723
-428437
-426514
-425850
-421379
-420792
-420075
-418392
-418306
-417508
-417440
-416032
-415859
-415494
-413886
-410432
-409061
-405982
-404095
-401791
-400878
-400171
-398378
-397680
-397325
-395426
-395001
-392223
-390396
-388850
-388490
-387054
-383865
-380257
-377739
-375920
-370861
-370087
-368604
-368358
-366659
-366068
-363647
-362074
-360999
-359684
-357741
-355707
-353631
-350498
-348489
-348061
-346956
-345781
-345642
-344755
-344088
-341629
-340927
-340385
-339247
-339016
-338305
-333490
-332509
-332291
-330606
-330512
-328771
-325296
-323500
-323494
-319936
-317208
-314817
-313521
-313016
-312130
-311790
-310074
-309286
-306747
-306453
-305125
-304124
-303176
-302793
-302751
-302504
-302325
-301718
-300977
-300139
-299804
-299513
-299357
-297309
-296957
-296613
-295587
-293883
-293284
-293277
-291414
-291382
-290271
-289268
-288414
-287470
-286888
-286729
-286267
-282524
-280870
-276619
-276323
-276315
-275734
-274618
-274074
-271527
-270397
-270368
-267802
-267533
-266949
-264807
-264405
-261547
-260985
-260510
-258447
-258139
-257364
-248821
-247982
-245714
-243368
-240901
-239776
-238687
-238227
-237572
-236449
-236307
-234343
-232500
-231471
-231197
-229364
-227216
-226577
-226378
-225136
-224367
-220979
-220191
-220114
-219887
-219641
-217733
-214969
-214060
-213269
-212619
-212537
-211826
-210784
-210750
-210580
-209681
-209284
-209027
-208285
-207359
-206800
-206420
-206245
-205970
-205742
-205637
-205388
-204726
-204677
-202667
-197245
-195420
-195067
-194558
-191018
-190418
-190055
-189298
-187368
-186413
-183087
-180219
-179609
-178274
-176539
-176123
-171519
-170270
-170071
-167238
-167062
-166201
-165473
-161055
-158939
-154919
-150538
-148837
-148452
-146797
-145690
-144177
-143380
-142753
-139705
-138762
-138031
-136502
-135401
-135376
-133758
-133286
-132664
-132165
-131669
-128445
-126950
-126129
-126126
-124631
-124126
-123672
-122557
-121303
-113931
-112763
-111330
-111189
-111102
-110933
-110932
-104078
-103893
-102540
-101522
-100890
-100628
-97197
-96861
-96773
-95244
-92977
-90729
-90719
-89213
-88326
-87756
-85442
-84908
-82774
-82534
-81313
-81153
-77774
-76686
-76243
-75777
-75232
-75128
-74255
-72171
-67080
-66639
-65443
-65028
-64755
-63897
-63774
-63377
-63074
-62600
-60777
-59856
-56986
-55795
-53319
-53312
-51581
-48610
-48546
-47236
-46518
-46393
-44873
-43078
-42889
-42590
-41693
-40474
-39892
-39513
-38620
-37282
-36645
-33758
-33045
-31491
-31029
-28618
-27643
-27214
-24399
-22538
-21631
-21392
-19994
-17903
-12998
-12696
-11905
-11267
-10504
-10024
-9577
-8486
-8348
-8069
-6803
-5647
-3852
-1888
-1713
463
6375
7563
7580
8006
8058
9007
9287
9644
10459
10581
11607
12228
19001
20699
21402
21916
23094
23941
24458
26451
26920
27695
27726
28233
29464
30794
31007
31584
32311
33095
34717
35330
36259
36543
39559
40838
41069
41241
41575
41718
42760
43584
44699
45403
46421
46948
47627
47822
47863
50751
51203
53045
53451
54368
54520
55172
55997
56438
56541
56543
59462
59594
59710
