1
4
8
8
21
22
23
33
41
43
44
44
47
48
53
53
56
57
61
66
69
76
77
77
77
83
87
88
90
99
99
103
107
108
108
110
111
111
115
122
124
125
127
128
129
130
133
134
139
139
139
140
140
143
144
152
159
160
161
162
165
166
167
167
170
172
173
173
180
180
184
185
186
191
195
198
199
201
202
208
210
215
233
234
236
237
238
239
250
250
258
259
260
270
271
274
279
286
286
287
296
300
306
306
308
311
317
320
326
335
342
346
349
355
364
365
365
367
373
378
381
382
385
385
387
391
393
396
398
399
403
403
404
405
406
406
412
415
422
424
433
434
434
434
442
443
444
445
448
448
449
451
453
456
458
461
462
463
464
464
467
468
470
470
489
491
493
493
494
506
506
507
508
511
517
520
521
527
531
540
541
545
547
548
548
550
558
559
564
566
571
575
577
578
578
580
582
586
593
597
